3.59107820866  2.822344E-17
3.59124417274221  2.573836E-17
3.59141013682442  2.338616E-17
3.59157610090663  2.138127E-17
3.59174206498884  1.937606E-17
3.59190802907104  1.784517E-17
3.59207399315325  1.626328E-17
3.59223995723546  1.499567E-17
3.59240592131767  1.372578E-17
3.59257188539988  1.288093E-17
3.59273784948209  1.205301E-17
3.5929038135643  1.090614E-17
3.59306977764651  1.016970E-17
3.59323574172872  9.631897E-18
3.59340170581093  8.718703E-18
3.59356766989314  8.181158E-18
3.59373363397534  7.705905E-18
3.59389959805755  7.159796E-18
3.59406556213976  6.688751E-18
3.59423152622197  6.291801E-18
3.59439749030418  5.943436E-18
3.59456345438639  5.642957E-18
3.5947294184686  5.283470E-18
3.59489538255081  5.056563E-18
3.59506134663302  4.720875E-18
3.59522731071522  4.464101E-18
3.59539327479743  4.238015E-18
3.59555923887964  4.050365E-18
3.59572520296185  3.871724E-18
3.59589116704406  3.750064E-18
3.59605713112627  3.566246E-18
3.59622309520848  3.405911E-18
3.59638905929069  3.233127E-18
3.5965550233729  3.111062E-18
3.59672098745511  2.956889E-18
3.59688695153731  2.839819E-18
3.59705291561952  2.748584E-18
3.59721887970173  2.634138E-18
3.59738484378394  2.531787E-18
3.59755080786615  2.447477E-18
3.59771677194836  2.359517E-18
3.59788273603057  2.277032E-18
3.59804870011278  2.195102E-18
3.59821466419499  2.122030E-18
3.5983806282772  2.053781E-18
3.59854659235941  1.978354E-18
3.59871255644161  1.937765E-18
3.59887852052382  1.847639E-18
3.59904448460603  1.788580E-18
3.59921044868824  1.751177E-18
3.59937641277045  1.715749E-18
3.59954237685266  1.661664E-18
3.59970834093487  1.611841E-18
3.59987430501708  1.569539E-18
3.60004026909929  1.513120E-18
3.60020623318149  1.478051E-18
3.6003721972637  1.440434E-18
3.60053816134591  1.379856E-18
3.60070412542812  1.348441E-18
3.60087008951033  1.340066E-18
3.60103605359254  1.284094E-18
3.60120201767475  1.239035E-18
3.60136798175696  1.216416E-18
3.60153394583917  1.182810E-18
3.60169990992138  1.152788E-18
3.60186587400358  1.120988E-18
3.60203183808579  1.110751E-18
3.602197802168  1.064553E-18
3.60236376625021  1.033804E-18
3.60252973033242  1.011943E-18
3.60269569441463  1.003705E-18
3.60286165849684  9.744020E-19
3.60302762257905  9.544380E-19
3.60319358666126  9.415484E-19
3.60335955074347  9.177528E-19
3.60352551482568  9.454045E-19
3.60369147890788  8.788519E-19
3.60385744299009  8.582761E-19
3.6040234070723  8.442851E-19
3.60418937115451  8.100281E-19
3.60435533523672  8.098274E-19
3.60452129931893  7.807434E-19
3.60468726340114  7.507539E-19
3.60485322748335  7.498291E-19
3.60501919156556  7.337269E-19
3.60518515564776  7.328011E-19
3.60535111972997  7.126590E-19
3.60551708381218  7.029726E-19
3.60568304789439  6.823968E-19
3.6058490119766  6.813849E-19
3.60601497605881  6.641193E-19
3.60618094014102  6.581086E-19
3.60634690422323  6.427764E-19
3.60651286830544  6.431963E-19
3.60667883238765  6.303685E-19
3.60684479646985  6.182858E-19
3.60701076055206  6.014373E-19
3.60717672463427  6.038887E-19
3.60734268871648  5.848625E-19
3.60750865279869  5.826436E-19
3.6076746168809  5.625431E-19
3.60784058096311  5.597531E-19
3.60800654504532  5.513565E-19
3.60817250912753  5.303658E-19
3.60833847320974  5.345607E-19
3.60850443729195  5.304837E-19
3.60867040137415  5.225518E-19
3.60883636545636  5.174153E-19
3.60900232953857  5.234029E-19
3.60916829362078  5.066686E-19
3.60933425770299  5.003771E-19
3.6095002217852  4.926333E-19
3.60966618586741  4.877380E-19
3.60983214994962  4.824401E-19
3.60999811403183  4.639811E-19
3.61016407811403  4.831768E-19
3.61033004219624  4.745797E-19
3.61049600627845  4.485854E-19
3.61066197036066  4.605978E-19
3.61082793444287  4.457205E-19
3.61099389852508  4.478981E-19
3.61115986260729  4.421538E-19
3.6113258266895  4.419910E-19
3.61149179077171  4.289641E-19
3.61165775485392  4.264133E-19
3.61182371893612  4.236032E-19
3.61198968301833  4.183997E-19
3.61215564710054  4.116459E-19
3.61232161118275  4.047207E-19
3.61248757526496  4.051714E-19
3.61265353934717  3.997245E-19
3.61281950342938  3.979265E-19
3.61298546751159  3.861226E-19
3.6131514315938  3.899019E-19
3.61331739567601  3.833851E-19
3.61348335975822  3.841157E-19
3.61364932384042  3.846205E-19
3.61381528792263  3.802262E-19
3.61398125200484  3.708157E-19
3.61414721608705  3.681166E-19
3.61431318016926  3.717160E-19
3.61447914425147  3.658313E-19
3.61464510833368  3.620485E-19
3.61481107241589  3.582041E-19
3.6149770364981  3.603134E-19
3.6151430005803  3.592782E-19
3.61530896466251  3.602501E-19
3.61547492874472  3.585164E-19
3.61564089282693  3.568059E-19
3.61580685690914  3.550463E-19
3.61597282099135  3.487050E-19
3.61613878507356  3.467030E-19
3.61630474915577  3.433877E-19
3.61647071323798  3.437337E-19
3.61663667732019  3.448765E-19
3.61680264140239  3.437586E-19
3.6169686054846  3.345945E-19
3.61713456956681  3.345739E-19
3.61730053364902  3.294010E-19
3.61746649773123  3.307902E-19
3.61763246181344  3.347857E-19
3.61779842589565  3.318385E-19
3.61796438997786  3.253118E-19
3.61813035406007  3.242489E-19
3.61829631814228  3.253691E-19
3.61846228222449  3.248903E-19
3.61862824630669  3.341926E-19
3.6187942103889  3.261411E-19
3.61896017447111  3.281292E-19
3.61912613855332  3.278014E-19
3.61929210263553  3.266910E-19
3.61945806671774  3.406224E-19
3.61962403079995  3.315082E-19
3.61978999488216  3.285350E-19
3.61995595896437  3.356784E-19
3.62012192304657  3.296791E-19
3.62028788712878  3.237627E-19
3.62045385121099  3.157544E-19
3.6206198152932  3.170687E-19
3.62078577937541  3.190707E-19
3.62095174345762  3.228990E-19
3.62111770753983  3.202293E-19
3.62128367162204  3.163739E-19
3.62144963570425  3.208730E-19
3.62161559978646  3.153341E-19
3.62178156386867  3.236476E-19
3.62194752795087  3.130785E-19
3.62211349203308  3.193740E-19
3.62227945611529  3.189947E-19
3.6224454201975  3.194339E-19
3.62261138427971  3.157815E-19
3.62277734836192  3.198700E-19
3.62294331244413  3.195306E-19
3.62310927652634  3.179706E-19
3.62327524060855  3.203302E-19
3.62344120469076  3.184366E-19
3.62360716877296  3.193073E-19
3.62377313285517  3.212886E-19
3.62393909693738  3.239383E-19
3.62410506101959  3.289745E-19
3.6242710251018  3.229767E-19
3.62443698918401  3.261148E-19
3.62460295326622  3.248580E-19
3.62476891734843  3.234878E-19
3.62493488143064  3.291838E-19
3.62510084551284  3.293890E-19
3.62526680959505  3.284634E-19
3.62543277367726  3.307013E-19
3.62559873775947  3.302484E-19
3.62576470184168  3.310176E-19
3.62593066592389  3.326635E-19
3.6260966300061  3.280164E-19
3.62626259408831  3.344141E-19
3.62642855817052  3.338191E-19
3.62659452225273  3.390271E-19
3.62676048633494  3.363299E-19
3.62692645041714  3.395010E-19
3.62709241449935  3.368986E-19
3.62725837858156  3.391120E-19
3.62742434266377  3.388941E-19
3.62759030674598  3.392055E-19
3.62775627082819  3.403974E-19
3.6279222349104  3.576585E-19
3.62808819899261  3.677211E-19
3.62825416307482  3.442131E-19
3.62842012715702  3.414168E-19
3.62858609123923  3.485528E-19
3.62875205532144  3.500105E-19
3.62891801940365  3.424996E-19
3.62908398348586  3.463587E-19
3.62924994756807  3.465337E-19
3.62941591165028  3.419918E-19
3.62958187573249  3.424740E-19
3.6297478398147  3.428956E-19
3.62991380389691  3.445981E-19
3.63007976797911  3.425324E-19
3.63024573206132  3.435427E-19
3.63041169614353  3.397688E-19
3.63057766022574  3.400491E-19
3.63074362430795  3.388913E-19
3.63090958839016  3.361306E-19
3.63107555247237  3.367760E-19
3.63124151655458  3.444792E-19
3.63140748063679  3.309176E-19
3.631573444719  3.326492E-19
3.63173940880121  3.297436E-19
3.63190537288341  3.305479E-19
3.63207133696562  3.258763E-19
3.63223730104783  3.221359E-19
3.63240326513004  3.178006E-19
3.63256922921225  3.198362E-19
3.63273519329446  3.194238E-19
3.63290115737667  3.181461E-19
3.63306712145888  3.154571E-19
3.63323308554109  3.128969E-19
3.63339904962329  3.104380E-19
3.6335650137055  3.064443E-19
3.63373097778771  3.056421E-19
3.63389694186992  3.183139E-19
3.63406290595213  2.980199E-19
3.63422887003434  3.005090E-19
3.63439483411655  3.002441E-19
3.63456079819876  2.975725E-19
3.63472676228097  2.953436E-19
3.63489272636318  2.961242E-19
3.63505869044538  2.955189E-19
3.63522465452759  2.951670E-19
3.6353906186098  2.903949E-19
3.63555658269201  2.859252E-19
3.63572254677422  2.804103E-19
3.63588851085643  2.732883E-19
3.63605447493864  2.778737E-19
3.63622043902085  2.784533E-19
3.63638640310306  2.687975E-19
3.63655236718527  2.706511E-19
3.63671833126748  2.666790E-19
3.63688429534968  2.653627E-19
3.63705025943189  2.641211E-19
3.6372162235141  2.611575E-19
3.63738218759631  2.544796E-19
3.63754815167852  2.552281E-19
3.63771411576073  2.562276E-19
3.63788007984294  2.540046E-19
3.63804604392515  2.654630E-19
3.63821200800736  2.487408E-19
3.63837797208956  2.640660E-19
3.63854393617177  2.465059E-19
3.63870990025398  2.417647E-19
3.63887586433619  2.395169E-19
3.6390418284184  2.380280E-19
3.63920779250061  2.372884E-19
3.63937375658282  2.360831E-19
3.63953972066503  2.325084E-19
3.63970568474724  2.349045E-19
3.63987164882945  2.281591E-19
3.64003761291165  2.269133E-19
3.64020357699386  2.252432E-19
3.64036954107607  2.261783E-19
3.64053550515828  2.190778E-19
3.64070146924049  2.186655E-19
3.6408674333227  2.169168E-19
3.64103339740491  2.217772E-19
3.64119936148712  2.193680E-19
3.64136532556933  2.165900E-19
3.64153128965154  2.151127E-19
3.64169725373375  2.123327E-19
3.64186321781595  2.097627E-19
3.64202918189816  2.089199E-19
3.64219514598037  2.116934E-19
3.64236111006258  2.072558E-19
3.64252707414479  2.076019E-19
3.642693038227  2.079915E-19
3.64285900230921  2.080553E-19
3.64302496639142  2.033542E-19
3.64319093047363  2.029869E-19
3.64335689455583  2.161044E-19
3.64352285863804  2.065442E-19
3.64368882272025  2.048397E-19
3.64385478680246  2.042463E-19
3.64402075088467  2.082930E-19
3.64418671496688  2.203710E-19
3.64435267904909  2.088451E-19
3.6445186431313  2.014944E-19
3.64468460721351  2.094951E-19
3.64485057129572  1.977501E-19
3.64501653537792  2.048011E-19
3.64518249946013  1.979230E-19
3.64534846354234  1.997164E-19
3.64551442762455  2.051855E-19
3.64568039170676  1.969792E-19
3.64584635578897  1.954597E-19
3.64601231987118  2.016067E-19
3.64617828395339  1.960715E-19
3.6463442480356  1.935230E-19
3.64651021211781  1.952606E-19
3.64667617620002  1.960207E-19
3.64684214028222  1.904807E-19
3.64700810436443  1.922966E-19
3.64717406844664  1.959532E-19
3.64734003252885  2.082951E-19
3.64750599661106  1.901529E-19
3.64767196069327  1.888230E-19
3.64783792477548  1.906183E-19
3.64800388885769  1.963980E-19
3.6481698529399  1.890047E-19
3.6483358170221  1.909279E-19
3.64850178110431  1.913922E-19
3.64866774518652  1.892524E-19
3.64883370926873  1.884215E-19
3.64899967335094  1.884755E-19
3.64916563743315  1.879673E-19
3.64933160151536  1.880067E-19
3.64949756559757  1.909034E-19
3.64966352967978  1.899973E-19
3.64982949376199  1.927320E-19
3.64999545784419  2.471996E-19
3.6501614219264  2.257087E-19
3.65032738600861  2.349256E-19
3.65049335009082  2.677983E-19
3.65065931417303  3.306148E-18
3.65082527825524  3.131777E-18
3.65099124233745  2.942016E-18
3.65115720641966  2.805593E-18
3.65132317050187  2.716112E-18
3.65148913458408  2.488088E-18
3.65165509866629  2.371157E-18
3.65182106274849  2.266360E-18
3.6519870268307  2.189674E-18
3.65215299091291  2.019596E-18
3.65231895499512  1.921795E-18
3.65248491907733  1.837055E-18
3.65265088315954  1.740915E-18
3.65281684724175  1.679002E-18
3.65298281132396  1.590502E-18
3.65314877540617  1.531227E-18
3.65331473948837  1.473266E-18
3.65348070357058  1.411768E-18
3.65364666765279  1.353262E-18
3.653812631735  1.282666E-18
3.65397859581721  1.252921E-18
3.65414455989942  1.195547E-18
3.65431052398163  1.146279E-18
3.65447648806384  1.102144E-18
3.65464245214605  1.054602E-18
3.65480841622826  1.019124E-18
3.65497438031046  9.976463E-19
3.65514034439267  9.552441E-19
3.65530630847488  9.212010E-19
3.65547227255709  7.825252E-19
3.6556382366393  5.691889E-19
3.65580420072151  5.325693E-19
3.65597016480372  4.906515E-19
3.65613612888593  4.642369E-19
3.65630209296814  4.624024E-19
3.65646805705035  4.533619E-19
3.65663402113256  4.544377E-19
3.65679998521476  4.450555E-19
3.65696594929697  4.466190E-19
3.65713191337918  4.425620E-19
3.65729787746139  4.394055E-19
3.6574638415436  5.227515E-19
3.65762980562581  2.301816E-19
3.65779576970802  2.305270E-19
3.65796173379023  2.273662E-19
3.65812769787244  2.316142E-19
3.65829366195464  2.310831E-19
3.65845962603685  2.287336E-19
3.65862559011906  2.245284E-19
3.65879155420127  2.286072E-19
3.65895751828348  2.228839E-19
3.65912348236569  2.244883E-19
3.6592894464479  2.237531E-19
3.65945541053011  2.252351E-19
3.65962137461232  2.289084E-19
3.65978733869453  2.285925E-19
3.65995330277673  2.258188E-19
3.66011926685894  2.223827E-19
3.66028523094115  2.239852E-19
3.66045119502336  2.265886E-19
3.66061715910557  2.294222E-19
3.66078312318778  2.304038E-19
3.66094908726999  2.272046E-19
3.6611150513522  2.277128E-19
3.66128101543441  2.255369E-19
3.66144697951662  2.264768E-19
3.66161294359883  2.242469E-19
3.66177890768103  2.259594E-19
3.66194487176324  2.231315E-19
3.66211083584545  2.242148E-19
3.66227679992766  2.215278E-19
3.66244276400987  2.211768E-19
3.66260872809208  2.239870E-19
3.66277469217429  2.250675E-19
3.6629406562565  2.201368E-19
3.66310662033871  2.209261E-19
3.66327258442091  2.182207E-19
3.66343854850312  2.175279E-19
3.66360451258533  2.190362E-19
3.66377047666754  2.172069E-19
3.66393644074975  2.144138E-19
3.66410240483196  2.144003E-19
3.66426836891417  2.142221E-19
3.66443433299638  2.130441E-19
3.66460029707859  2.105522E-19
3.6647662611608  2.117157E-19
3.664932225243  2.107802E-19
3.66509818932521  2.081283E-19
3.66526415340742  2.072081E-19
3.66543011748963  2.159241E-19
3.66559608157184  2.052164E-19
3.66576204565405  2.052985E-19
3.66592800973626  2.027971E-19
3.66609397381847  2.013567E-19
3.66625993790068  1.981895E-19
3.66642590198289  1.990541E-19
3.6665918660651  1.971687E-19
3.6667578301473  1.976666E-19
3.66692379422951  1.940278E-19
3.66708975831172  1.950502E-19
3.66725572239393  1.905295E-19
3.66742168647614  1.923576E-19
3.66758765055835  1.905410E-19
3.66775361464056  1.905313E-19
3.66791957872277  1.869277E-19
3.66808554280498  1.896141E-19
3.66825150688718  1.910951E-19
3.66841747096939  1.900238E-19
3.6685834350516  1.874147E-19
3.66874939913381  1.848220E-19
3.66891536321602  1.833001E-19
3.66908132729823  1.802687E-19
3.66924729138044  1.803603E-19
3.66941325546265  1.808499E-19
3.66957921954486  1.786217E-19
3.66974518362707  1.789087E-19
3.66991114770927  1.768292E-19
3.67007711179148  1.762539E-19
3.67024307587369  1.731747E-19
3.6704090399559  1.754326E-19
3.67057500403811  1.722193E-19
3.67074096812032  1.720208E-19
3.67090693220253  1.694060E-19
3.67107289628474  1.682110E-19
3.67123886036695  1.710096E-19
3.67140482444916  1.688011E-19
3.67157078853136  1.634778E-19
3.67173675261357  1.659006E-19
3.67190271669578  1.622623E-19
3.67206868077799  1.623566E-19
3.6722346448602  1.634389E-19
3.67240060894241  1.615097E-19
3.67256657302462  1.618432E-19
3.67273253710683  1.594332E-19
3.67289850118904  1.675740E-19
3.67306446527125  1.697251E-19
3.67323042935345  1.576511E-19
3.67339639343566  1.576224E-19
3.67356235751787  1.561666E-19
3.67372832160008  1.554859E-19
3.67389428568229  1.578439E-19
3.6740602497645  1.530590E-19
3.67422621384671  1.530440E-19
3.67439217792892  1.557793E-19
3.67455814201113  1.637788E-19
3.67472410609334  1.533218E-19
3.67489007017554  1.527621E-19
3.67505603425775  1.495745E-19
3.67522199833996  1.488344E-19
3.67538796242217  1.484318E-19
3.67555392650438  1.492647E-19
3.67571989058659  1.486857E-19
3.6758858546688  1.463880E-19
3.67605181875101  1.469507E-19
3.67621778283322  1.467915E-19
3.67638374691543  1.469645E-19
3.67654971099763  1.458225E-19
3.67671567507984  1.444397E-19
3.67688163916205  1.435202E-19
3.67704760324426  1.442636E-19
3.67721356732647  1.444345E-19
3.67737953140868  1.435776E-19
3.67754549549089  1.445219E-19
3.6777114595731  1.437896E-19
3.67787742365531  1.422866E-19
3.67804338773752  1.506761E-19
3.67820935181972  1.417056E-19
3.67837531590193  1.421258E-19
3.67854127998414  1.435279E-19
3.67870724406635  1.414208E-19
3.67887320814856  1.420087E-19
3.67903917223077  1.420231E-19
3.67920513631298  1.419507E-19
3.67937110039519  1.496453E-19
3.6795370644774  1.409436E-19
3.67970302855961  1.407198E-19
3.67986899264181  1.417506E-19
3.68003495672402  1.406608E-19
3.68020092080623  1.423738E-19
3.68036688488844  1.410266E-19
3.68053284897065  1.427930E-19
3.68069881305286  1.424573E-19
3.68086477713507  1.428693E-19
3.68103074121728  1.426328E-19
3.68119670529949  1.418298E-19
3.6813626693817  1.412318E-19
3.6815286334639  1.418845E-19
3.68169459754611  1.434594E-19
3.68186056162832  1.530407E-19
3.68202652571053  1.370933E-19
3.68219248979274  1.402354E-19
3.68235845387495  1.416072E-19
3.68252441795716  1.418999E-19
3.68269038203937  1.457330E-19
3.68285634612158  1.476875E-19
3.68302231020379  1.450911E-19
3.68318827428599  1.484070E-19
3.6833542383682  1.455474E-19
3.68352020245041  1.472226E-19
3.68368616653262  1.444356E-19
3.68385213061483  1.484585E-19
3.68401809469704  1.464627E-19
3.68418405877925  1.484719E-19
3.68435002286146  1.492007E-19
3.68451598694367  1.467307E-19
3.68468195102588  1.492300E-19
3.68484791510808  1.492286E-19
3.68501387919029  1.486482E-19
3.6851798432725  1.482949E-19
3.68534580735471  1.491059E-19
3.68551177143692  1.521905E-19
3.68567773551913  1.458137E-19
3.68584369960134  1.480558E-19
3.68600966368355  1.492650E-19
3.68617562776576  1.475604E-19
3.68634159184797  1.469472E-19
3.68650755593018  1.463035E-19
3.68667352001238  1.504092E-19
3.68683948409459  1.521810E-19
3.6870054481768  1.490597E-19
3.68717141225901  1.499252E-19
3.68733737634122  1.512514E-19
3.68750334042343  1.538147E-19
3.68766930450564  1.493672E-19
3.68783526858785  1.503266E-19
3.68800123267006  1.549425E-19
3.68816719675226  1.545045E-19
3.68833316083447  1.554344E-19
3.68849912491668  1.582553E-19
3.68866508899889  1.583369E-19
3.6888310530811  1.571421E-19
3.68899701716331  1.572850E-19
3.68916298124552  1.603685E-19
3.68932894532773  1.586752E-19
3.68949490940994  1.601061E-19
3.68966087349215  1.582975E-19
3.68982683757435  1.637017E-19
3.68999280165656  1.593676E-19
3.69015876573877  1.589504E-19
3.69032472982098  1.618880E-19
3.69049069390319  1.605710E-19
3.6906566579854  1.646414E-19
3.69082262206761  1.634286E-19
3.69098858614982  1.643826E-19
3.69115455023203  1.635957E-19
3.69132051431424  1.627392E-19
3.69148647839645  1.655894E-19
3.69165244247865  1.646186E-19
3.69181840656086  1.643721E-19
3.69198437064307  1.624871E-19
3.69215033472528  1.659763E-19
3.69231629880749  1.656567E-19
3.6924822628897  1.652607E-19
3.69264822697191  1.672818E-19
3.69281419105412  1.664977E-19
3.69298015513633  1.675532E-19
3.69314611921853  1.655416E-19
3.69331208330074  1.670113E-19
3.69347804738295  1.696039E-19
3.69364401146516  1.660551E-19
3.69380997554737  1.698808E-19
3.69397593962958  1.688940E-19
3.69414190371179  1.672197E-19
3.694307867794  1.667797E-19
3.69447383187621  1.692648E-19
3.69463979595842  1.667480E-19
3.69480576004062  1.675775E-19
3.69497172412283  1.726420E-19
3.69513768820504  1.652977E-19
3.69530365228725  1.639280E-19
3.69546961636946  1.641472E-19
3.69563558045167  1.639084E-19
3.69580154453388  1.653902E-19
3.69596750861609  1.689689E-19
3.6961334726983  1.639399E-19
3.69629943678051  1.620898E-19
3.69646540086272  1.630446E-19
3.69663136494492  1.617561E-19
3.69679732902713  1.610918E-19
3.69696329310934  1.617991E-19
3.69712925719155  1.603084E-19
3.69729522127376  1.592560E-19
3.69746118535597  1.571965E-19
3.69762714943818  1.561692E-19
3.69779311352039  1.644553E-19
3.6979590776026  1.573938E-19
3.6981250416848  1.562060E-19
3.69829100576701  1.577673E-19
3.69845696984922  1.550393E-19
3.69862293393143  1.545395E-19
3.69878889801364  1.533547E-19
3.69895486209585  1.505131E-19
3.69912082617806  1.524414E-19
3.69928679026027  1.564122E-19
3.69945275434248  1.557293E-19
3.69961871842469  1.497003E-19
3.69978468250689  1.496115E-19
3.6999506465891  1.485670E-19
3.70011661067131  1.454696E-19
3.70028257475352  1.481857E-19
3.70044853883573  1.452901E-19
3.70061450291794  1.578232E-19
3.70078046700015  1.541337E-19
3.70094643108236  1.517807E-19
3.70111239516457  1.530123E-19
3.70127835924678  1.519510E-19
3.70144432332899  1.500451E-19
3.70161028741119  1.496818E-19
3.7017762514934  1.485016E-19
3.70194221557561  1.467991E-19
3.70210817965782  1.439352E-19
3.70227414374003  1.441256E-19
3.70244010782224  1.405701E-19
3.70260607190445  1.468382E-19
3.70277203598666  1.397863E-19
3.70293800006887  1.394354E-19
3.70310396415107  1.375392E-19
3.70326992823328  1.370000E-19
3.70343589231549  1.359768E-19
3.7036018563977  1.353131E-19
3.70376782047991  1.345356E-19
3.70393378456212  1.333503E-19
3.70409974864433  1.328699E-19
3.70426571272654  1.310517E-19
3.70443167680875  1.302823E-19
3.70459764089096  1.281056E-19
3.70476360497316  1.282338E-19
3.70492956905537  1.272878E-19
3.70509553313758  1.270072E-19
3.70526149721979  1.255723E-19
3.705427461302  1.247060E-19
3.70559342538421  1.247072E-19
3.70575938946642  1.235373E-19
3.70592535354863  1.216866E-19
3.70609131763084  1.225297E-19
3.70625728171305  1.228398E-19
3.70642324579526  1.233530E-19
3.70658920987746  1.222460E-19
3.70675517395967  1.217608E-19
3.70692113804188  1.207271E-19
3.70708710212409  1.203109E-19
3.7072530662063  1.195320E-19
3.70741903028851  1.179856E-19
3.70758499437072  1.174062E-19
3.70775095845293  1.186423E-19
3.70791692253514  1.181782E-19
3.70808288661734  1.154163E-19
3.70824885069955  1.147715E-19
3.70841481478176  1.151421E-19
3.70858077886397  1.170191E-19
3.70874674294618  1.150494E-19
3.70891270702839  1.145271E-19
3.7090786711106  1.139274E-19
3.70924463519281  1.150855E-19
3.70941059927502  1.139447E-19
3.70957656335723  1.120854E-19
3.70974252743943  1.115591E-19
3.70990849152164  1.120750E-19
3.71007445560385  1.114779E-19
3.71024041968606  1.131574E-19
3.71040638376827  1.132209E-19
3.71057234785048  1.200465E-19
3.71073831193269  1.123796E-19
3.7109042760149  1.103514E-19
3.71107024009711  1.130593E-19
3.71123620417932  1.117124E-19
3.71140216826153  1.137740E-19
3.71156813234373  1.120303E-19
3.71173409642594  1.096648E-19
3.71190006050815  1.113612E-19
3.71206602459036  1.106768E-19
3.71223198867257  1.106286E-19
3.71239795275478  1.101617E-19
3.71256391683699  1.098871E-19
3.7127298809192  1.165578E-19
3.71289584500141  1.130386E-19
3.71306180908361  1.085521E-19
3.71322777316582  1.054437E-19
3.71339373724803  1.069061E-19
3.71355970133024  1.060816E-19
3.71372566541245  1.036702E-19
3.71389162949466  1.145551E-19
3.71405759357687  1.074860E-19
3.71422355765908  1.074194E-19
3.71438952174129  1.061283E-19
3.7145554858235  1.039505E-19
3.7147214499057  1.048825E-19
3.71488741398791  1.087994E-19
3.71505337807012  1.091388E-19
3.71521934215233  1.095824E-19
3.71538530623454  1.055255E-19
3.71555127031675  1.076638E-19
3.71571723439896  1.189831E-19
3.71588319848117  1.282082E-19
3.71604916256338  1.194228E-19
3.71621512664559  1.133792E-19
3.7163810907278  1.063456E-19
3.71654705481  1.025145E-19
3.71671301889221  1.055881E-19
3.71687898297442  1.062546E-19
3.71704494705663  1.072740E-19
3.71721091113884  1.061169E-19
3.71737687522105  1.074088E-19
3.71754283930326  1.089799E-19
3.71770880338547  1.093269E-19
3.71787476746768  1.089781E-19
3.71804073154988  1.124549E-19
3.71820669563209  1.059006E-19
3.7183726597143  1.086283E-19
3.71853862379651  1.084190E-19
3.71870458787872  1.099761E-19
3.71887055196093  1.070480E-19
3.71903651604314  1.094560E-19
3.71920248012535  1.158710E-19
3.71936844420756  1.093602E-19
3.71953440828977  1.095751E-19
3.71970037237197  1.084491E-19
3.71986633645418  1.093893E-19
3.72003230053639  1.096474E-19
3.7201982646186  1.125419E-19
3.72036422870081  1.099998E-19
3.72053019278302  1.112287E-19
3.72069615686523  1.183349E-19
3.72086212094744  1.114539E-19
3.72102808502965  1.113031E-19
3.72119404911186  1.101670E-19
3.72136001319407  1.181420E-19
3.72152597727627  1.097725E-19
3.72169194135848  1.102471E-19
3.72185790544069  1.109590E-19
3.7220238695229  1.115569E-19
3.72218983360511  1.141657E-19
3.72235579768732  1.169653E-19
3.72252176176953  1.137742E-19
3.72268772585174  1.144194E-19
3.72285368993395  1.142714E-19
3.72301965401615  1.147818E-19
3.72318561809836  1.163150E-19
3.72335158218057  1.166812E-19
3.72351754626278  1.167121E-19
3.72368351034499  1.170853E-19
3.7238494744272  1.187658E-19
3.72401543850941  1.169712E-19
3.72418140259162  1.213682E-19
3.72434736667383  1.212599E-19
3.72451333075604  1.192201E-19
3.72467929483824  1.204312E-19
3.72484525892045  1.217306E-19
3.72501122300266  1.215127E-19
3.72517718708487  1.208995E-19
3.72534315116708  1.241582E-19
3.72550911524929  1.217186E-19
3.7256750793315  1.231564E-19
3.72584104341371  1.237349E-19
3.72600700749592  1.233124E-19
3.72617297157813  1.302510E-19
3.72633893566034  3.060001E-19
3.72650489974254  1.231507E-19
3.72667086382475  1.246537E-19
3.72683682790696  1.271402E-19
3.72700279198917  1.243099E-19
3.72716875607138  1.254512E-19
3.72733472015359  1.276931E-19
3.7275006842358  1.235915E-19
3.72766664831801  1.251920E-19
3.72783261240022  1.256917E-19
3.72799857648242  1.260605E-19
3.72816454056463  1.433379E-19
3.72833050464684  1.332743E-19
3.72849646872905  1.268434E-19
3.72866243281126  1.264324E-19
3.72882839689347  1.264062E-19
3.72899436097568  1.273247E-19
3.72916032505789  1.275421E-19
3.7293262891401  1.267535E-19
3.72949225322231  1.255596E-19
3.72965821730451  1.266944E-19
3.72982418138672  1.272703E-19
3.72999014546893  1.296209E-19
3.73015610955114  1.270940E-19
3.73032207363335  1.279195E-19
3.73048803771556  1.329269E-19
3.73065400179777  1.267244E-19
3.73081996587998  1.266135E-19
3.73098592996219  1.266624E-19
3.7311518940444  1.285813E-19
3.7313178581266  1.261750E-19
3.73148382220881  1.253087E-19
3.73164978629102  1.253810E-19
3.73181575037323  1.247897E-19
3.73198171445544  1.252430E-19
3.73214767853765  1.230100E-19
3.73231364261986  1.242617E-19
3.73247960670207  1.235866E-19
3.73264557078428  1.230923E-19
3.73281153486649  1.240850E-19
3.73297749894869  1.228585E-19
3.7331434630309  1.222685E-19
3.73330942711311  1.230540E-19
3.73347539119532  1.225054E-19
3.73364135527753  1.217192E-19
3.73380731935974  1.246095E-19
3.73397328344195  1.207904E-19
3.73413924752416  1.218645E-19
3.73430521160637  1.195674E-19
3.73447117568858  1.197354E-19
3.73463713977078  1.199282E-19
3.73480310385299  1.180784E-19
3.7349690679352  1.194278E-19
3.73513503201741  1.188681E-19
3.73530099609962  1.186953E-19
3.73546696018183  1.184550E-19
3.73563292426404  1.176540E-19
3.73579888834625  1.191118E-19
3.73596485242846  1.160498E-19
3.73613081651067  1.156760E-19
3.73629678059287  1.159179E-19
3.73646274467508  1.160196E-19
3.73662870875729  1.147396E-19
3.7367946728395  1.139131E-19
3.73696063692171  1.147658E-19
3.73712660100392  1.154146E-19
3.73729256508613  1.163463E-19
3.73745852916834  1.124164E-19
3.73762449325055  1.136209E-19
3.73779045733276  1.120911E-19
3.73795642141496  1.120336E-19
3.73812238549717  1.116258E-19
3.73828834957938  1.112851E-19
3.73845431366159  1.099608E-19
3.7386202777438  1.143425E-19
3.73878624182601  1.160821E-19
3.73895220590822  1.154913E-19
3.73911816999043  1.153903E-19
3.73928413407264  1.142044E-19
3.73945009815485  1.128743E-19
3.73961606223705  1.126329E-19
3.73978202631926  1.999511E-19
3.73994799040147  1.118412E-19
3.74011395448368  1.111020E-19
3.74027991856589  1.115298E-19
3.7404458826481  1.101850E-19
3.74061184673031  1.090309E-19
3.74077781081252  1.091252E-19
3.74094377489473  1.086543E-19
3.74110973897694  1.085855E-19
3.74127570305914  1.065544E-19
3.74144166714135  1.062684E-19
3.74160763122356  1.053692E-19
3.74177359530577  1.053838E-19
3.74193955938798  1.050721E-19
3.74210552347019  1.055424E-19
3.7422714875524  1.045956E-19
3.74243745163461  1.026527E-19
3.74260341571682  1.011758E-19
3.74276937979903  1.030271E-19
3.74293534388123  1.039304E-19
3.74310130796344  1.025655E-19
3.74326727204565  1.007189E-19
3.74343323612786  1.020750E-19
3.74359920021007  1.019772E-19
3.74376516429228  1.052800E-19
3.74393112837449  1.048964E-19
3.7440970924567  9.993367E-20
3.74426305653891  1.019357E-19
3.74442902062112  9.968880E-20
3.74459498470332  9.893240E-20
3.74476094878553  9.910048E-20
3.74492691286774  1.060979E-19
3.74509287694995  1.003374E-19
3.74525884103216  1.006857E-19
3.74542480511437  1.066912E-19
3.74559076919658  9.967275E-20
3.74575673327879  1.024631E-19
3.745922697361  1.017577E-19
3.74608866144321  1.033032E-19
3.74625462552541  1.093849E-19
3.74642058960762  3.433471E-19
3.74658655368983  1.113473E-19
3.74675251777204  1.051055E-19
3.74691848185425  9.955526E-20
3.74708444593646  9.739029E-20
3.74725041001867  9.880722E-20
3.74741637410088  1.012904E-19
3.74758233818309  9.403034E-20
3.7477483022653  9.412259E-20
3.7479142663475  1.038535E-19
3.74808023042971  9.640789E-20
3.74824619451192  9.396199E-20
3.74841215859413  9.295324E-20
3.74857812267634  1.043140E-19
3.74874408675855  9.372044E-20
3.74891005084076  9.348303E-20
3.74907601492297  9.241386E-20
3.74924197900518  9.349527E-20
3.74940794308739  9.182889E-20
3.74957390716959  9.475749E-20
3.7497398712518  9.306008E-20
3.74990583533401  9.293806E-20
3.75007179941622  9.813697E-20
3.75023776349843  9.178960E-20
3.75040372758064  9.153379E-20
3.75056969166285  9.193652E-20
3.75073565574506  9.184867E-20
3.75090161982727  9.118984E-20
3.75106758390948  9.177294E-20
3.75123354799168  9.344240E-20
3.75139951207389  9.061934E-20
3.7515654761561  9.166956E-20
3.75173144023831  9.580038E-20
3.75189740432052  9.128952E-20
3.75206336840273  9.092661E-20
3.75222933248494  9.152035E-20
3.75239529656715  9.066972E-20
3.75256126064936  9.084232E-20
3.75272722473157  8.976543E-20
3.75289318881377  9.093612E-20
3.75305915289598  9.135175E-20
3.75322511697819  9.178488E-20
3.7533910810604  9.154855E-20
3.75355704514261  9.675120E-20
3.75372300922482  9.293213E-20
3.75388897330703  9.260569E-20
3.75405493738924  9.318323E-20
3.75422090147145  9.283537E-20
3.75438686555366  9.361704E-20
3.75455282963586  9.320627E-20
3.75471879371807  9.419571E-20
3.75488475780028  9.343029E-20
3.75505072188249  9.453230E-20
3.7552166859647  9.548271E-20
3.75538265004691  9.417610E-20
3.75554861412912  9.602674E-20
3.75571457821133  9.554901E-20
3.75588054229354  9.537855E-20
3.75604650637575  9.505883E-20
3.75621247045795  9.561964E-20
3.75637843454016  9.460504E-20
3.75654439862237  9.448828E-20
3.75671036270458  9.504336E-20
3.75687632678679  9.604620E-20
3.757042290869  9.470238E-20
3.75720825495121  9.622441E-20
3.75737421903342  9.665114E-20
3.75754018311563  9.619309E-20
3.75770614719784  9.730122E-20
3.75787211128004  9.715923E-20
3.75803807536225  9.581738E-20
3.75820403944446  9.599882E-20
3.75837000352667  9.634553E-20
3.75853596760888  9.712156E-20
3.75870193169109  9.655580E-20
3.7588678957733  9.630876E-20
3.75903385985551  9.688535E-20
3.75919982393772  9.676262E-20
3.75936578801993  9.686573E-20
3.75953175210213  9.645949E-20
3.75969771618434  9.643222E-20
3.75986368026655  9.638506E-20
3.76002964434876  9.740497E-20
3.76019560843097  9.797195E-20
3.76036157251318  9.784666E-20
3.76052753659539  9.731269E-20
3.7606935006776  9.767357E-20
3.76085946475981  9.935363E-20
3.76102542884202  9.863597E-20
3.76119139292422  9.904358E-20
3.76135735700643  9.913889E-20
3.76152332108864  9.852675E-20
3.76168928517085  9.932377E-20
3.76185524925306  9.957837E-20
3.76202121333527  9.945953E-20
3.76218717741748  9.934622E-20
3.76235314149969  9.952337E-20
3.7625191055819  1.004447E-19
3.76268506966411  1.016443E-19
3.76285103374631  1.012980E-19
3.76301699782852  1.012808E-19
3.76318296191073  1.128618E-19
3.76334892599294  1.046594E-19
3.76351489007515  1.014755E-19
3.76368085415736  1.026876E-19
3.76384681823957  1.020783E-19
3.76401278232178  1.031882E-19
3.76417874640399  1.025255E-19
3.7643447104862  1.028575E-19
3.7645106745684  1.034745E-19
3.76467663865061  1.037772E-19
3.76484260273282  1.037234E-19
3.76500856681503  1.040723E-19
3.76517453089724  1.044618E-19
3.76534049497945  1.047766E-19
3.76550645906166  1.050868E-19
3.76567242314387  1.053272E-19
3.76583838722608  1.058393E-19
3.76600435130829  1.090361E-19
3.76617031539049  1.083648E-19
3.7663362794727  1.054597E-19
3.76650224355491  1.059515E-19
3.76666820763712  1.067762E-19
3.76683417171933  1.065280E-19
3.76700013580154  1.057176E-19
3.76716609988375  1.064538E-19
3.76733206396596  1.068756E-19
3.76749802804817  1.058631E-19
3.76766399213038  1.066817E-19
3.76782995621258  1.060033E-19
3.76799592029479  1.091687E-19
3.768161884377  1.069041E-19
3.76832784845921  1.228986E-19
3.76849381254142  1.236571E-19
3.76865977662363  1.109968E-19
3.76882574070584  1.117716E-19
3.76899170478805  1.106529E-19
3.76915766887026  1.093728E-19
3.76932363295247  1.085028E-19
3.76948959703467  1.085145E-19
3.76965556111688  1.115840E-19
3.76982152519909  1.140141E-19
3.7699874892813  1.459880E-19
3.77015345336351  1.700278E-19
3.77031941744572  1.117930E-19
3.77048538152793  1.546145E-19
3.77065134561014  1.267029E-19
3.77081730969235  1.106067E-19
3.77098327377456  1.095888E-19
3.77114923785676  1.150124E-19
3.77131520193897  1.155642E-19
3.77148116602118  1.092773E-19
3.77164713010339  1.087485E-19
3.7718130941856  1.081222E-19
3.77197905826781  1.281385E-19
3.77214502235002  1.078957E-19
3.77231098643223  1.082344E-19
3.77247695051444  1.081236E-19
3.77264291459665  1.169426E-19
3.77280887867885  1.080590E-19
3.77297484276106  1.078037E-19
3.77314080684327  1.098817E-19
3.77330677092548  1.266714E-19
3.77347273500769  1.067201E-19
3.7736386990899  1.066264E-19
3.77380466317211  1.074421E-19
3.77397062725432  1.083484E-19
3.77413659133653  1.156525E-19
3.77430255541874  1.138638E-19
3.77446851950094  1.053973E-19
3.77463448358315  1.074373E-19
3.77480044766536  1.257841E-19
3.77496641174757  1.061789E-19
3.77513237582978  1.057790E-19
3.77529833991199  1.054544E-19
3.7754643039942  1.047593E-19
3.77563026807641  1.052131E-19
3.77579623215862  1.047422E-19
3.77596219624083  1.117888E-19
3.77612816032303  1.044186E-19
3.77629412440524  1.142250E-19
3.77646008848745  1.297201E-19
3.77662605256966  1.131802E-19
3.77679201665187  1.118877E-19
3.77695798073408  1.113427E-19
3.77712394481629  1.096914E-19
3.7772899088985  1.089892E-19
3.77745587298071  1.086828E-19
3.77762183706292  1.065644E-19
3.77778780114512  1.067140E-19
3.77795376522733  1.105969E-19
3.77811972930954  1.058582E-19
3.77828569339175  1.051284E-19
3.77845165747396  1.124662E-19
3.77861762155617  1.034014E-19
3.77878358563838  1.014744E-19
3.77894954972059  1.017593E-19
3.7791155138028  1.006237E-19
3.77928147788501  9.975947E-20
3.77944744196722  9.895341E-20
3.77961340604942  9.760855E-20
3.77977937013163  9.768929E-20
3.77994533421384  9.802367E-20
3.78011129829605  9.816352E-20
3.78027726237826  9.803095E-20
3.78044322646047  9.560785E-20
3.78060919054268  1.002124E-19
3.78077515462489  9.461393E-20
3.7809411187071  9.426674E-20
3.7811070827893  9.407150E-20
3.78127304687151  9.332996E-20
3.78143901095372  9.301302E-20
3.78160497503593  9.309112E-20
3.78177093911814  9.149911E-20
3.78193690320035  9.140213E-20
3.78210286728256  9.115806E-20
3.78226883136477  9.048205E-20
3.78243479544698  8.948097E-20
3.78260075952919  9.151024E-20
3.78276672361139  8.873391E-20
3.7829326876936  9.122831E-20
3.78309865177581  8.955971E-20
3.78326461585802  8.774165E-20
3.78343057994023  8.721297E-20
3.78359654402244  8.670209E-20
3.78376250810465  8.641420E-20
3.78392847218686  8.660086E-20
3.78409443626907  8.573588E-20
3.78426040035128  8.545746E-20
3.78442636443349  8.570137E-20
3.78459232851569  8.490182E-20
3.7847582925979  8.416006E-20
3.78492425668011  8.451843E-20
3.78509022076232  8.563857E-20
3.78525618484453  8.545932E-20
3.78542214892674  8.376217E-20
3.78558811300895  8.480393E-20
3.78575407709116  8.457936E-20
3.78592004117337  8.340142E-20
3.78608600525557  8.242253E-20
3.78625196933778  8.565864E-20
3.78641793341999  8.213708E-20
3.7865838975022  8.190043E-20
3.78674986158441  8.185573E-20
3.78691582566662  8.097029E-20
3.78708178974883  8.176788E-20
3.78724775383104  8.114909E-20
3.78741371791325  8.087975E-20
3.78757968199546  8.088298E-20
3.78774564607766  8.106694E-20
3.78791161015987  8.347986E-20
3.78807757424208  8.593605E-20
3.78824353832429  8.210053E-20
3.7884095024065  8.686930E-20
3.78857546648871  8.337060E-20
3.78874143057092  7.973966E-20
3.78890739465313  8.199140E-20
3.78907335873534  8.014026E-20
3.78923932281755  7.932712E-20
3.78940528689976  7.930418E-20
3.78957125098196  7.921076E-20
3.78973721506417  7.770318E-20
3.78990317914638  7.840864E-20
3.79006914322859  7.827911E-20
3.7902351073108  8.428431E-20
3.79040107139301  8.601823E-20
3.79056703547522  7.863725E-20
3.79073299955743  8.308599E-20
3.79089896363964  7.788404E-20
3.79106492772184  7.802191E-20
3.79123089180405  7.951519E-20
3.79139685588626  7.839090E-20
3.79156281996847  7.878996E-20
3.79172878405068  7.750873E-20
3.79189474813289  8.135207E-20
3.7920607122151  7.805946E-20
3.79222667629731  7.721833E-20
3.79239264037952  7.749794E-20
3.79255860446173  8.953008E-20
3.79272456854393  7.819518E-20
3.79289053262614  7.856272E-20
3.79305649670835  7.780169E-20
3.79322246079056  7.935947E-20
3.79338842487277  7.994995E-20
3.79355438895498  7.766359E-20
3.79372035303719  8.515615E-20
3.7938863171194  9.034148E-20
3.79405228120161  7.878347E-20
3.79421824528382  7.799075E-20
3.79438420936603  7.750443E-20
3.79455017344823  7.803036E-20
3.79471613753044  8.788081E-20
3.79488210161265  1.189032E-19
3.79504806569486  8.762282E-20
3.79521402977707  9.036003E-20
3.79537999385928  9.121203E-20
3.79554595794149  8.064955E-20
3.7957119220237  8.199717E-20
3.79587788610591  7.863152E-20
3.79604385018811  7.846406E-20
3.79620981427032  7.885632E-20
3.79637577835253  1.051267E-19
3.79654174243474  8.714511E-20
3.79670770651695  8.309448E-20
3.79687367059916  8.954127E-20
3.79703963468137  8.461196E-20
3.79720559876358  8.398275E-20
3.79737156284579  8.037092E-20
3.797537526928  8.258874E-20
3.7977034910102  8.821155E-20
3.79786945509241  9.022741E-20
3.79803541917462  8.232583E-20
3.79820138325683  8.225454E-20
3.79836734733904  8.812403E-20
3.79853331142125  1.061087E-19
3.79869927550346  8.872856E-20
3.79886523958567  8.245363E-20
3.79903120366788  8.604114E-20
3.79919716775009  1.020065E-19
3.7993631318323  1.811843E-19
3.7995290959145  8.584092E-20
3.79969505999671  8.796013E-20
3.79986102407892  1.098653E-19
3.80002698816113  8.413656E-20
3.80019295224334  8.254039E-20
3.80035891632555  8.180460E-20
3.80052488040776  8.168375E-20
3.80069084448997  8.375297E-20
3.80085680857218  9.521949E-20
3.80102277265438  8.301436E-20
3.80118873673659  8.435677E-20
3.8013547008188  1.071255E-19
3.80152066490101  8.602203E-20
3.80168662898322  8.306820E-20
3.80185259306543  8.274166E-20
3.80201855714764  8.331096E-20
3.80218452122985  8.403842E-20
3.80235048531206  8.524244E-20
3.80251644939427  8.471498E-20
3.80268241347647  9.466310E-20
3.80284837755868  8.450787E-20
3.80301434164089  8.398225E-20
3.8031803057231  1.047430E-19
3.80334626980531  8.531886E-20
3.80351223388752  8.663492E-20
3.80367819796973  1.249566E-19
3.80384416205194  9.006416E-20
3.80401012613415  8.464194E-20
3.80417609021636  8.434398E-20
3.80434205429857  8.540393E-20
3.80450801838077  8.486448E-20
3.80467398246298  8.683130E-20
3.80483994654519  8.975827E-20
3.8050059106274  8.636054E-20
3.80517187470961  9.090451E-20
3.80533783879182  9.189335E-20
3.80550380287403  8.543476E-20
3.80566976695624  8.620171E-20
3.80583573103845  8.585953E-20
3.80600169512065  8.604486E-20
3.80616765920286  8.470007E-20
3.80633362328507  8.613876E-20
3.80649958736728  8.623580E-20
3.80666555144949  8.557416E-20
3.8068315155317  8.555413E-20
3.80699747961391  8.653575E-20
3.80716344369612  8.921001E-20
3.80732940777833  8.613276E-20
3.80749537186054  9.095145E-20
3.80766133594274  8.893207E-20
3.80782730002495  8.682877E-20
3.80799326410716  8.765711E-20
3.80815922818937  8.696601E-20
3.80832519227158  8.632397E-20
3.80849115635379  8.728390E-20
3.808657120436  8.750846E-20
3.80882308451821  8.716667E-20
3.80898904860042  8.779880E-20
3.80915501268263  8.764031E-20
3.80932097676484  8.820602E-20
3.80948694084704  8.935595E-20
3.80965290492925  9.098540E-20
3.80981886901146  8.981767E-20
3.80998483309367  8.914002E-20
3.81015079717588  9.233539E-20
3.81031676125809  8.931146E-20
3.8104827253403  1.012569E-19
3.81064868942251  1.087233E-19
3.81081465350472  9.168620E-20
3.81098061758692  1.094908E-19
3.81114658166913  9.088312E-20
3.81131254575134  9.041295E-20
3.81147850983355  9.527066E-20
3.81164447391576  8.992173E-20
3.81181043799797  8.926312E-20
3.81197640208018  8.920587E-20
3.81214236616239  9.004791E-20
3.8123083302446  8.967613E-20
3.81247429432681  9.040788E-20
3.81264025840901  9.000926E-20
3.81280622249122  1.270135E-19
3.81297218657343  9.201760E-20
3.81313815065564  9.424290E-20
3.81330411473785  9.999756E-20
3.81347007882006  8.986519E-20
3.81363604290227  8.968675E-20
3.81380200698448  9.353970E-20
3.81396797106669  8.989378E-20
3.8141339351489  8.965732E-20
3.81429989923111  9.171280E-20
3.81446586331331  1.008343E-19
3.81463182739552  9.034395E-20
3.81479779147773  8.903840E-20
3.81496375555994  8.937367E-20
3.81512971964215  1.187575E-19
3.81529568372436  8.921801E-20
3.81546164780657  8.960551E-20
3.81562761188878  9.209176E-20
3.81579357597099  1.041353E-19
3.81595954005319  9.374833E-20
3.8161255041354  8.933067E-20
3.81629146821761  8.885053E-20
3.81645743229982  1.201474E-19
3.81662339638203  9.014031E-20
3.81678936046424  9.081313E-20
3.81695532454645  9.199138E-20
3.81712128862866  1.118198E-19
3.81728725271087  8.673479E-20
3.81745321679308  1.066359E-19
3.81761918087528  1.062007E-19
3.81778514495749  1.035626E-19
3.8179511090397  1.131148E-19
3.81811707312191  1.196529E-19
3.81828303720412  1.021861E-19
3.81844900128633  1.013121E-19
3.81861496536854  9.872695E-20
3.81878092945075  9.756639E-20
3.81894689353296  9.872678E-20
3.81911285761517  9.523555E-20
3.81927882169738  1.051683E-19
3.81944478577958  9.593265E-20
3.81961074986179  9.485948E-20
3.819776713944  1.126518E-19
3.81994267802621  9.510874E-20
3.82010864210842  9.127105E-20
3.82027460619063  9.187043E-20
3.82044057027284  9.020764E-20
3.82060653435505  9.076986E-20
3.82077249843726  8.969632E-20
3.82093846251946  8.898332E-20
3.82110442660167  8.800186E-20
3.82127039068388  9.072120E-20
3.82143635476609  9.101666E-20
3.8216023188483  8.704125E-20
3.82176828293051  9.650012E-20
3.82193424701272  8.768696E-20
3.82210021109493  8.690327E-20
3.82226617517714  8.543771E-20
3.82243213925935  8.417933E-20
3.82259810334156  8.353029E-20
3.82276406742376  8.336455E-20
3.82293003150597  8.368309E-20
3.82309599558818  8.221757E-20
3.82326195967039  8.449331E-20
3.8234279237526  8.155720E-20
3.82359388783481  8.357886E-20
3.82375985191702  8.122308E-20
3.82392581599923  8.983269E-20
3.82409178008144  8.011213E-20
3.82425774416365  7.903866E-20
3.82442370824585  7.878869E-20
3.82458967232806  7.862422E-20
3.82475563641027  7.848542E-20
3.82492160049248  7.891933E-20
3.82508756457469  8.158740E-20
3.8252535286569  7.944577E-20
3.82541949273911  7.912443E-20
3.82558545682132  7.976546E-20
3.82575142090353  7.918714E-20
3.82591738498573  7.933366E-20
3.82608334906794  7.901729E-20
3.82624931315015  7.677820E-20
3.82641527723236  7.739898E-20
3.82658124131457  7.462213E-20
3.82674720539678  7.512367E-20
3.82691316947899  7.492005E-20
3.8270791335612  7.663299E-20
3.82724509764341  7.343319E-20
3.82741106172562  7.285694E-20
3.82757702580783  7.292108E-20
3.82774298989003  7.258790E-20
3.82790895397224  7.341400E-20
3.82807491805445  7.344814E-20
3.82824088213666  7.216980E-20
3.82840684621887  7.116979E-20
3.82857281030108  7.229482E-20
3.82873877438329  7.212789E-20
3.8289047384655  7.314990E-20
3.82907070254771  7.084103E-20
3.82923666662992  7.048654E-20
3.82940263071212  6.978554E-20
3.82956859479433  6.928286E-20
3.82973455887654  6.938468E-20
3.82990052295875  7.111248E-20
3.83006648704096  6.946775E-20
3.83023245112317  6.871418E-20
3.83039841520538  6.904640E-20
3.83056437928759  6.841592E-20
3.8307303433698  6.827277E-20
3.830896307452  6.829890E-20
3.83106227153421  6.779519E-20
3.83122823561642  6.735095E-20
3.83139419969863  6.775827E-20
3.83156016378084  6.776973E-20
3.83172612786305  6.864506E-20
3.83189209194526  6.696018E-20
3.83205805602747  6.674870E-20
3.83222402010968  6.634345E-20
3.83238998419189  6.757570E-20
3.8325559482741  6.691854E-20
3.8327219123563  6.825480E-20
3.83288787643851  6.924569E-20
3.83305384052072  7.106573E-20
3.83321980460293  6.635981E-20
3.83338576868514  6.601031E-20
3.83355173276735  6.601412E-20
3.83371769684956  6.639811E-20
3.83388366093177  6.567258E-20
3.83404962501398  6.581310E-20
3.83421558909618  8.232583E-20
3.83438155317839  1.172115E-19
3.8345475172606  7.610975E-20
3.83471348134281  1.090699E-19
3.83487944542502  6.720417E-20
3.83504540950723  7.114809E-20
3.83521137358944  7.897737E-20
3.83537733767165  6.518625E-20
3.83554330175386  6.537793E-20
3.83570926583607  6.891700E-20
3.83587522991827  6.545905E-20
3.83604119400048  6.577892E-20
3.83620715808269  6.520299E-20
3.8363731221649  6.777952E-20
3.83653908624711  1.249890E-19
3.83670505032932  7.306246E-20
3.83687101441153  9.181958E-20
3.83703697849374  1.013546E-19
3.83720294257595  7.751811E-20
3.83736890665816  7.455475E-20
3.83753487074037  7.340181E-20
3.83770083482257  7.850384E-20
3.83786679890478  6.960095E-20
3.83803276298699  7.318616E-20
3.8381987270692  9.598332E-20
3.83836469115141  7.134223E-20
3.83853065523362  7.211103E-20
3.83869661931583  6.892310E-20
3.83886258339804  9.099475E-20
3.83902854748025  7.039296E-20
3.83919451156245  6.922291E-20
3.83936047564466  6.724394E-20
3.83952643972687  7.073183E-20
3.83969240380908  8.842420E-20
3.83985836789129  6.442665E-20
3.8400243319735  6.678002E-20
3.84019029605571  7.174563E-20
3.84035626013792  9.358356E-20
3.84052222422013  6.549256E-20
3.84068818830234  6.732214E-20
3.84085415238454  6.539424E-20
3.84102011646675  6.501660E-20
3.84118608054896  6.620996E-20
3.84135204463117  9.069269E-20
3.84151800871338  6.592399E-20
3.84168397279559  6.460018E-20
3.8418499368778  8.220814E-20
3.84201590096001  7.948470E-20
3.84218186504222  6.610947E-20
3.84234782912443  6.769306E-20
3.84251379320664  6.708910E-20
3.84267975728884  6.637620E-20
3.84284572137105  6.611633E-20
3.84301168545326  6.831990E-20
3.84317764953547  7.860134E-20
3.84334361361768  6.898670E-20
3.84350957769989  6.562634E-20
3.8436755417821  7.810756E-20
3.84384150586431  7.848654E-20
3.84400746994652  6.689924E-20
3.84417343402872  6.723555E-20
3.84433939811093  6.860840E-20
3.84450536219314  6.655348E-20
3.84467132627535  6.548989E-20
3.84483729035756  6.902414E-20
3.84500325443977  6.721871E-20
3.84516921852198  6.718568E-20
3.84533518260419  7.737106E-20
3.8455011466864  6.534501E-20
3.84566711076861  6.662760E-20
3.84583307485081  8.378706E-20
3.84599903893302  6.501105E-20
3.84616500301523  6.446109E-20
3.84633096709744  6.516622E-20
3.84649693117965  6.501890E-20
3.84666289526186  6.542774E-20
3.84682885934407  6.579587E-20
3.84699482342628  6.668909E-20
3.84716078750849  6.550073E-20
3.8473267515907  6.500712E-20
3.84749271567291  6.529995E-20
3.84765867975511  7.316254E-20
3.84782464383732  6.747906E-20
3.84799060791953  7.824697E-20
3.84815657200174  7.820145E-20
3.84832253608395  7.216606E-20
3.84848850016616  6.961275E-20
3.84865446424837  6.694274E-20
3.84882042833058  6.921553E-20
3.84898639241279  7.101046E-20
3.84915235649499  7.086395E-20
3.8493183205772  7.119133E-20
3.84948428465941  7.057745E-20
3.84965024874162  7.189579E-20
3.84981621282383  6.904584E-20
3.84998217690604  7.064889E-20
3.85014814098825  7.408815E-20
3.85031410507046  6.807794E-20
3.85048006915267  7.308217E-20
3.85064603323488  7.423233E-20
3.85081199731708  6.976187E-20
3.85097796139929  6.830606E-20
3.8511439254815  6.809669E-20
3.85130988956371  6.845886E-20
3.85147585364592  6.987437E-20
3.85164181772813  6.847388E-20
3.85180778181034  6.955638E-20
3.85197374589255  6.922678E-20
3.85213970997476  6.846365E-20
3.85230567405697  6.929192E-20
3.85247163813918  6.864234E-20
3.85263760222138  6.874436E-20
3.85280356630359  6.961951E-20
3.8529695303858  7.392241E-20
3.85313549446801  7.235705E-20
3.85330145855022  7.843269E-20
3.85346742263243  7.016387E-20
3.85363338671464  6.948172E-20
3.85379935079685  7.533820E-20
3.85396531487906  7.873591E-20
3.85413127896126  7.708069E-20
3.85429724304347  7.408910E-20
3.85446320712568  7.080919E-20
3.85462917120789  7.099629E-20
3.8547951352901  7.295978E-20
3.85496109937231  7.418877E-20
3.85512706345452  7.245145E-20
3.85529302753673  7.517126E-20
3.85545899161894  7.518864E-20
3.85562495570115  7.326244E-20
3.85579091978335  7.605412E-20
3.85595688386556  7.726243E-20
3.85612284794777  7.517397E-20
3.85628881202998  7.544705E-20
3.85645477611219  7.579954E-20
3.8566207401944  7.366540E-20
3.85678670427661  7.325795E-20
3.85695266835882  7.345730E-20
3.85711863244103  7.149446E-20
3.85728459652324  7.347248E-20
3.85745056060545  7.832925E-20
3.85761652468765  8.724272E-20
3.85778248876986  7.997495E-20
3.85794845285207  7.258692E-20
3.85811441693428  7.171924E-20
3.85828038101649  7.087304E-20
3.8584463450987  7.103664E-20
3.85861230918091  7.442269E-20
3.85877827326312  7.522361E-20
3.85894423734533  7.383332E-20
3.85911020142753  7.532248E-20
3.85927616550974  7.675822E-20
3.85944212959195  8.170983E-20
3.85960809367416  9.740526E-20
3.85977405775637  1.650499E-19
3.85994002183858  1.079216E-19
3.86010598592079  1.288746E-19
3.860271950003  7.796792E-20
3.86043791408521  8.480265E-20
3.86060387816742  9.328893E-20
3.86076984224962  7.792705E-20
3.86093580633183  7.457268E-20
3.86110177041404  7.590984E-20
3.86126773449625  7.846158E-20
3.86143369857846  8.174951E-20
3.86159966266067  7.704029E-20
3.86176562674288  8.516464E-20
3.86193159082509  1.518417E-19
3.8620975549073  7.570842E-20
3.86226351898951  8.296437E-20
3.86242948307172  1.178847E-19
3.86259544715392  7.544089E-20
3.86276141123613  7.989314E-20
3.86292737531834  7.526569E-20
3.86309333940055  1.161781E-19
3.86325930348276  9.825544E-20
3.86342526756497  1.063096E-19
3.86359123164718  1.347001E-19
3.86375719572939  1.000897E-19
3.8639231598116  1.047525E-19
3.8640891238938  9.642697E-20
3.86425508797601  1.662059E-19
3.86442105205822  1.024097E-19
3.86458701614043  9.248413E-20
3.86475298022264  9.168178E-20
3.86491894430485  9.554152E-20
3.86508490838706  1.461400E-19
3.86525087246927  9.460480E-20
3.86541683655148  8.965583E-20
3.86558280063369  9.086039E-20
3.86574876471589  2.081921E-19
3.8659147287981  9.223074E-20
3.86608069288031  9.255666E-20
3.86624665696252  9.089369E-20
3.86641262104473  9.379255E-20
3.86657858512694  8.875224E-20
3.86674454920915  1.204390E-19
3.86691051329136  9.665642E-20
3.86707647737357  8.915785E-20
3.86724244145578  9.123647E-20
3.86740840553799  1.696105E-19
3.86757436962019  8.704316E-20
3.8677403337024  8.889837E-20
3.86790629778461  8.366812E-20
3.86807226186682  8.106955E-20
3.86823822594903  8.262765E-20
3.86840419003124  7.995094E-20
3.86857015411345  8.292680E-20
3.86873611819566  1.164908E-19
3.86890208227787  8.348846E-20
3.86906804636007  8.066242E-20
3.86923401044228  9.601017E-20
3.86939997452449  1.088526E-19
3.8695659386067  7.650445E-20
3.86973190268891  7.501543E-20
3.86989786677112  7.910939E-20
3.87006383085333  8.225177E-20
3.87022979493554  7.793729E-20
3.87039575901775  7.403704E-20
3.87056172309996  7.579024E-20
3.87072768718216  7.305383E-20
3.87089365126437  8.501019E-20
3.87105961534658  8.348861E-20
3.87122557942879  7.270229E-20
3.871391543511  8.593094E-20
3.87155750759321  9.097013E-20
3.87172347167542  7.159447E-20
3.87188943575763  7.128486E-20
3.87205539983984  7.048042E-20
3.87222136392205  7.131806E-20
3.87238732800425  7.006041E-20
3.87255329208646  7.091073E-20
3.87271925616867  7.241912E-20
3.87288522025088  8.149312E-20
3.87305118433309  8.435122E-20
3.8732171484153  7.740098E-20
3.87338311249751  9.518096E-20
3.87354907657972  9.851166E-20
3.87371504066193  7.853883E-20
3.87388100474414  1.109070E-19
3.87404696882634  9.191908E-20
3.87421293290855  7.702600E-20
3.87437889699076  7.090617E-20
3.87454486107297  6.710823E-20
3.87471082515518  8.306974E-20
3.87487678923739  6.579112E-20
3.8750427533196  6.860045E-20
3.87520871740181  6.713640E-20
3.87537468148402  6.552597E-20
3.87554064556623  6.586258E-20
3.87570660964843  6.496168E-20
3.87587257373064  6.498165E-20
3.87603853781285  7.727361E-20
3.87620450189506  6.905375E-20
3.87637046597727  1.024279E-19
3.87653643005948  9.763785E-20
3.87670239414169  7.600709E-20
3.8768683582239  9.114606E-20
3.87703432230611  6.460760E-20
3.87720028638832  6.585179E-20
3.87736625047052  7.553753E-20
3.87753221455273  6.624373E-20
3.87769817863494  6.481107E-20
3.87786414271715  6.444866E-20
3.87803010679936  6.542002E-20
3.87819607088157  6.678108E-20
3.87836203496378  9.439450E-20
3.87852799904599  6.499357E-20
3.8786939631282  6.359240E-20
3.87885992721041  6.574967E-20
3.87902589129261  7.683581E-20
3.87919185537482  1.318715E-19
3.87935781945703  8.232232E-20
3.87952378353924  7.293913E-20
3.87968974762145  7.930387E-20
3.87985571170366  7.815022E-20
3.88002167578587  9.223501E-20
3.88018763986808  6.209647E-20
3.88035360395029  6.246271E-20
3.8805195680325  9.130598E-20
3.8806855321147  1.658206E-19
3.88085149619691  1.632576E-19
3.88101746027912  1.797456E-19
3.88118342436133  1.706682E-19
3.88134938844354  1.647961E-19
3.88151535252575  1.483348E-19
3.88168131660796  9.684565E-20
3.88184728069017  9.367629E-20
3.88201324477238  8.685819E-20
3.88217920885459  1.094911E-19
3.88234517293679  1.119553E-19
3.882511137019  1.244717E-19
3.88267710110121  9.980830E-20
3.88284306518342  1.124446E-19
3.88300902926563  9.990291E-20
3.88317499334784  9.614381E-20
3.88334095743005  1.039309E-19
3.88350692151226  8.445888E-20
3.88367288559447  9.192516E-20
3.88383884967668  8.587075E-20
3.88400481375888  7.096838E-20
3.88417077784109  7.042744E-20
3.8843367419233  9.587642E-20
3.88450270600551  7.089147E-20
3.88466867008772  6.125805E-20
3.88483463416993  6.484182E-20
3.88500059825214  6.067405E-20
3.88516656233435  6.266906E-20
3.88533252641656  7.370100E-20
3.88549849049877  6.962775E-20
3.88566445458097  8.191804E-20
3.88583041866318  8.924764E-20
3.88599638274539  7.739733E-20
3.8861623468276  6.519510E-20
3.88632831090981  6.626721E-20
3.88649427499202  7.701549E-20
3.88666023907423  7.100185E-20
3.88682620315644  6.391826E-20
3.88699216723865  7.100474E-20
3.88715813132086  1.350023E-19
3.88732409540307  1.218824E-19
3.88749005948527  1.433517E-19
3.88765602356748  7.230148E-20
3.88782198764969  9.105825E-20
3.8879879517319  9.214137E-20
3.88815391581411  6.889750E-20
3.88831987989632  6.585903E-20
3.88848584397853  7.545607E-20
3.88865180806074  6.323970E-20
3.88881777214295  6.478105E-20
3.88898373622515  6.289619E-20
3.88914970030736  6.660617E-20
3.88931566438957  1.694650E-19
3.88948162847178  6.887808E-20
3.88964759255399  6.945965E-20
3.8898135566362  9.153440E-20
3.88997952071841  6.856301E-20
3.89014548480062  6.050953E-20
3.89031144888283  6.215514E-20
3.89047741296504  6.547644E-20
3.89064337704724  9.147381E-20
3.89080934112945  6.118262E-20
3.89097530521166  1.070394E-19
3.89114126929387  7.191802E-20
3.89130723337608  7.757030E-20
3.89147319745829  8.392406E-20
3.8916391615405  9.930230E-20
3.89180512562271  1.274832E-19
3.89197108970492  6.392228E-20
3.89213705378713  6.008615E-20
3.89230301786934  6.227649E-20
3.89246898195154  7.265710E-20
3.89263494603375  8.615135E-20
3.89280091011596  6.867496E-20
3.89296687419817  7.056626E-20
3.89313283828038  6.994241E-20
3.89329880236259  1.674079E-19
3.8934647664448  7.036169E-20
3.89363073052701  6.526809E-20
3.89379669460922  6.272222E-20
3.89396265869142  6.508387E-20
3.89412862277363  5.992189E-20
3.89429458685584  7.432609E-20
3.89446055093805  7.791819E-20
3.89462651502026  6.144280E-20
3.89479247910247  7.517681E-20
3.89495844318468  1.019722E-19
3.89512440726689  9.309137E-20
3.8952903713491  8.243486E-20
3.89545633543131  1.161186E-19
3.89562229951351  6.289165E-20
3.89578826359572  7.756603E-20
3.89595422767793  1.074004E-19
3.89612019176014  7.285910E-20
3.89628615584235  6.229142E-20
3.89645211992456  1.012766E-19
3.89661808400677  1.037595E-19
3.89678404808898  7.355627E-20
3.89695001217119  8.056085E-20
3.8971159762534  1.111096E-19
3.89728194033561  7.293818E-20
3.89744790441781  6.991811E-20
3.89761386850002  6.752645E-20
3.89777983258223  6.717336E-20
3.89794579666444  6.744909E-20
3.89811176074665  6.717567E-20
3.89827772482886  1.078707E-19
3.89844368891107  1.036256E-19
3.89860965299328  7.716412E-20
3.89877561707549  1.331074E-19
3.8989415811577  7.080343E-20
3.8991075452399  6.869534E-20
3.89927350932211  9.497718E-20
3.89943947340432  8.876038E-20
3.89960543748653  6.493906E-20
3.89977140156874  7.042048E-20
3.89993736565095  7.287797E-20
3.90010332973316  7.428539E-20
3.90026929381537  8.926227E-20
3.90043525789758  7.413960E-20
3.90060122197978  6.648510E-20
3.90076718606199  6.864584E-20
3.9009331501442  6.409280E-20
3.90109911422641  9.361805E-20
3.90126507830862  8.960944E-20
3.90143104239083  8.165902E-20
3.90159700647304  6.801743E-20
3.90176297055525  7.367146E-20
3.90192893463746  1.235407E-19
3.90209489871967  7.473554E-20
3.90226086280188  7.096415E-20
3.90242682688408  7.332406E-20
3.90259279096629  7.613115E-20
3.9027587550485  1.364497E-19
3.90292471913071  7.398193E-20
3.90309068321292  7.275391E-20
3.90325664729513  7.218257E-20
3.90342261137734  7.072026E-20
3.90358857545955  7.004468E-20
3.90375453954176  9.471838E-20
3.90392050362397  8.954248E-20
3.90408646770617  7.329881E-20
3.90425243178838  7.573741E-20
3.90441839587059  9.398161E-20
3.9045843599528  1.034376E-19
3.90475032403501  7.769997E-20
3.90491628811722  6.917794E-20
3.90508225219943  6.588087E-20
3.90524821628164  6.758526E-20
3.90541418036385  6.544162E-20
3.90558014444605  6.580202E-20
3.90574610852826  7.185778E-20
3.90591207261047  9.862947E-20
3.90607803669268  6.601393E-20
3.90624400077489  7.412721E-20
3.9064099648571  1.014475E-19
3.90657592893931  7.296784E-20
3.90674189302152  6.958586E-20
3.90690785710373  6.994692E-20
3.90707382118594  7.203206E-20
3.90723978526815  7.286845E-20
3.90740574935035  6.814777E-20
3.90757171343256  7.214077E-20
3.90773767751477  7.976147E-20
3.90790364159698  7.763210E-20
3.90806960567919  8.517824E-20
3.9082355697614  7.551074E-20
3.90840153384361  6.640855E-20
3.90856749792582  8.610203E-20
3.90873346200803  7.481221E-20
3.90889942609023  6.805181E-20
3.90906539017244  6.925677E-20
3.90923135425465  6.774914E-20
3.90939731833686  6.580436E-20
3.90956328241907  7.008087E-20
3.90972924650128  6.718906E-20
3.90989521058349  6.853627E-20
3.9100611746657  6.856571E-20
3.91022713874791  7.016556E-20
3.91039310283012  7.056174E-20
3.91055906691232  8.116151E-20
3.91072503099453  7.060124E-20
3.91089099507674  7.273532E-20
3.91105695915895  7.975649E-20
3.91122292324116  6.800837E-20
3.91138888732337  6.990350E-20
3.91155485140558  6.893097E-20
3.91172081548779  7.175407E-20
3.91188677957  7.213644E-20
3.91205274365221  6.785065E-20
3.91221870773442  7.041617E-20
3.91238467181662  6.943580E-20
3.91255063589883  7.578064E-20
3.91271659998104  8.165784E-20
3.91288256406325  7.069366E-20
3.91304852814546  6.975416E-20
3.91321449222767  7.561119E-20
3.91338045630988  6.813986E-20
3.91354642039209  7.786804E-20
3.9137123844743  7.022057E-20
3.9138783485565  6.782189E-20
3.91404431263871  7.964148E-20
3.91421027672092  1.098375E-19
3.91437624080313  1.041996E-19
3.91454220488534  1.045765E-19
3.91470816896755  1.043316E-19
3.91487413304976  1.015092E-19
3.91504009713197  1.030659E-19
3.91520606121418  1.056970E-19
3.91537202529639  1.096728E-19
3.91553798937859  1.008527E-19
3.9157039534608  9.632520E-20
3.91586991754301  9.597542E-20
3.91603588162522  1.031873E-19
3.91620184570743  9.823006E-20
3.91636780978964  1.022265E-19
3.91653377387185  9.342971E-20
3.91669973795406  9.716127E-20
3.91686570203627  9.274243E-20
3.91703166611848  9.576644E-20
3.91719763020069  9.253730E-20
3.91736359428289  9.071743E-20
3.9175295583651  9.271707E-20
3.91769552244731  9.543194E-20
3.91786148652952  1.123411E-19
3.91802745061173  1.823468E-19
3.91819341469394  1.373651E-19
3.91835937877615  1.523148E-19
3.91852534285836  1.772684E-19
3.91869130694057  9.090800E-20
3.91885727102277  1.431276E-19
3.91902323510498  2.203927E-19
3.91918919918719  1.019165E-19
3.9193551632694  9.233807E-20
3.91952112735161  9.420286E-20
3.91968709143382  1.199497E-19
3.91985305551603  8.110962E-20
3.92001901959824  9.452632E-20
3.92018498368045  8.395761E-20
3.92035094776266  8.355203E-20
3.92051691184486  8.019181E-20
3.92068287592707  7.915037E-20
3.92084884000928  7.833743E-20
3.92101480409149  8.781951E-20
3.9211807681737  9.020284E-20
3.92134673225591  2.296356E-19
3.92151269633812  1.009571E-19
3.92167866042033  1.037350E-19
3.92184462450254  1.796639E-19
3.92201058858475  7.944173E-20
3.92217655266695  8.394995E-20
3.92234251674916  1.049419E-19
3.92250848083137  1.168847E-19
3.92267444491358  7.875290E-20
3.92284040899579  7.604733E-20
3.923006373078  7.646220E-20
3.92317233716021  8.246235E-20
3.92333830124242  1.576469E-19
3.92350426532463  7.917032E-20
3.92367022940684  7.654055E-20
3.92383619348904  8.020471E-20
3.92400215757125  7.387911E-20
3.92416812165346  1.124457E-19
3.92433408573567  9.616886E-20
3.92450004981788  7.146375E-20
3.92466601390009  7.088485E-20
3.9248319779823  7.118862E-20
3.92499794206451  1.002885E-19
3.92516390614672  8.726320E-20
3.92532987022893  7.140058E-20
3.92549583431113  7.755242E-20
3.92566179839334  8.262738E-20
3.92582776247555  2.237834E-19
3.92599372655776  8.463270E-20
3.92615969063997  7.073721E-20
3.92632565472218  6.775779E-20
3.92649161880439  6.776103E-20
3.9266575828866  7.424256E-20
3.92682354696881  7.103286E-20
3.92698951105102  1.397321E-19
3.92715547513322  6.901086E-20
3.92732143921543  6.750604E-20
3.92748740329764  7.374830E-20
3.92765336737985  1.968042E-19
3.92781933146206  6.693162E-20
3.92798529554427  6.691255E-20
3.92815125962648  7.603164E-20
3.92831722370869  6.420853E-20
3.9284831877909  6.425744E-20
3.92864915187311  6.497477E-20
3.92881511595531  6.350722E-20
3.92898108003752  7.512383E-20
3.92914704411973  9.424796E-20
3.92931300820194  6.830531E-20
3.92947897228415  7.196817E-20
3.92964493636636  1.470745E-19
3.92981090044857  6.758169E-20
3.92997686453078  6.236471E-20
3.93014282861299  6.243328E-20
3.9303087926952  6.185884E-20
3.9304747567774  6.806726E-20
3.93064072085961  6.209370E-20
3.93080668494182  6.160062E-20
3.93097264902403  6.114674E-20
3.93113861310624  6.082666E-20
3.93130457718845  7.244281E-20
3.93147054127066  7.527475E-20
3.93163650535287  6.256836E-20
3.93180246943508  7.584398E-20
3.93196843351729  8.894402E-20
3.93213439759949  6.390910E-20
3.9323003616817  5.947023E-20
3.93246632576391  6.003685E-20
3.93263228984612  6.036780E-20
3.93279825392833  6.038579E-20
3.93296421801054  6.042294E-20
3.93313018209275  6.555290E-20
3.93329614617496  6.641343E-20
3.93346211025717  6.096289E-20
3.93362807433938  5.936072E-20
3.93379403842158  6.492961E-20
3.93396000250379  7.483845E-20
3.934125966586  6.072364E-20
3.93429193066821  7.803829E-20
3.93445789475042  6.679319E-20
3.93462385883263  6.219147E-20
3.93478982291484  6.357873E-20
3.93495578699705  7.171507E-20
3.93512175107926  8.049073E-20
3.93528771516147  9.548216E-20
3.93545367924367  1.134309E-19
3.93561964332588  1.288771E-19
3.93578560740809  1.402837E-19
3.9359515714903  1.449991E-19
3.93611753557251  1.436101E-19
3.93628349965472  1.319449E-19
3.93644946373693  1.081871E-19
3.93661542781914  8.614695E-20
3.93678139190135  7.258440E-20
3.93694735598356  1.090223E-19
3.93711332006576  1.186110E-19
3.93727928414797  1.506492E-19
3.93744524823018  1.162347E-19
3.93761121231239  1.020608E-19
3.9377771763946  1.443479E-19
3.93794314047681  9.563058E-20
3.93810910455902  8.601403E-20
3.93827506864123  1.180844E-19
3.93844103272344  7.526143E-20
3.93860699680565  9.274597E-20
3.93877296088785  7.325022E-20
3.93893892497006  7.010137E-20
3.93910488905227  7.353572E-20
3.93927085313448  6.385891E-20
3.93943681721669  7.283012E-20
3.9396027812989  6.759152E-20
3.93976874538111  6.722196E-20
3.93993470946332  7.093463E-20
3.94010067354553  6.106996E-20
3.94026663762774  5.836911E-20
3.94043260170994  5.897993E-20
3.94059856579215  5.851219E-20
3.94076452987436  6.092109E-20
3.94093049395657  6.006833E-20
3.94109645803878  5.741812E-20
3.94126242212099  5.795454E-20
3.9414283862032  6.303487E-20
3.94159435028541  6.244840E-20
3.94176031436762  5.967004E-20
3.94192627844983  6.048385E-20
3.94209224253203  6.127494E-20
3.94225820661424  5.967251E-20
3.94242417069645  1.076398E-19
3.94259013477866  1.581682E-19
3.94275609886087  9.658717E-20
3.94292206294308  1.570001E-19
3.94308802702529  6.852495E-20
3.9432539911075  1.015113E-19
3.94341995518971  1.796805E-19
3.94358591927192  6.238119E-20
3.94375188335412  6.118268E-20
3.94391784743633  6.798452E-20
3.94408381151854  1.020895E-19
3.94424977560075  5.873382E-20
3.94441573968296  5.926628E-20
3.94458170376517  5.949063E-20
3.94474766784738  5.743202E-20
3.94491363192959  6.980080E-20
3.9450795960118  6.355375E-20
3.94524556009401  5.863523E-20
3.94541152417621  6.028227E-20
3.94557748825842  6.167439E-20
3.94574345234063  1.574964E-19
3.94590941642284  1.034157E-19
3.94607538050505  1.003500E-19
3.94624134458726  1.474847E-19
3.94640730866947  7.009364E-20
3.94657327275168  5.948097E-20
3.94673923683389  7.110258E-20
3.9469052009161  1.028133E-19
3.9470711649983  6.371467E-20
3.94723712908051  6.119580E-20
3.94740309316272  6.125258E-20
3.94756905724493  7.637655E-20
3.94773502132714  8.790724E-20
3.94790098540935  7.695648E-20
3.94806694949156  5.883875E-20
3.94823291357377  5.874361E-20
3.94839887765598  5.862846E-20
3.94856484173819  6.883335E-20
3.94873080582039  1.538732E-19
3.9488967699026  6.962167E-20
3.94906273398481  6.154358E-20
3.94922869806702  7.044206E-20
3.94939466214923  6.348841E-20
3.94956062623144  1.603066E-19
3.94972659031365  6.785866E-20
3.94989255439586  7.089402E-20
3.95005851847807  6.202922E-20
3.95022448256028  8.948134E-20
3.95039044664248  1.845026E-19
3.95055641072469  8.111560E-20
3.9507223748069  9.181735E-20
3.95088833888911  6.668185E-20
3.95105430297132  7.633551E-20
3.95122026705353  6.937407E-20
3.95138623113574  7.855133E-20
3.95155219521795  2.468639E-19
3.95171815930016  9.562027E-20
3.95188412338237  9.945147E-20
3.95205008746457  9.783574E-20
3.95221605154678  2.337597E-19
3.95238201562899  1.031138E-19
3.9525479797112  9.485373E-20
3.95271394379341  7.600149E-20
3.95287990787562  1.134231E-19
3.95304587195783  7.926386E-20
3.95321183604004  1.004355E-19
3.95337780012225  1.127812E-19
3.95354376420446  9.710165E-20
3.95370972828666  1.866257E-19
3.95387569236887  1.207175E-19
3.95404165645108  8.410673E-20
3.95420762053329  1.248163E-19
3.9543735846155  1.420716E-19
3.95453954869771  1.036908E-19
3.95470551277992  1.063745E-19
3.95487147686213  1.084575E-19
3.95503744094434  2.960640E-19
3.95520340502655  2.926146E-19
3.95536936910875  1.117388E-19
3.95553533319096  1.189409E-19
3.95570129727317  1.152392E-19
3.95586726135538  1.135395E-19
3.95603322543759  1.516913E-19
3.9561991895198  1.204065E-19
3.95636515360201  1.167196E-19
3.95653111768422  1.383443E-19
3.95669708176643  1.658072E-19
3.95686304584864  1.154236E-19
3.95702900993084  1.169003E-19
3.95719497401305  1.132243E-19
3.95736093809526  1.189005E-19
3.95752690217747  1.254913E-19
3.95769286625968  1.155200E-19
3.95785883034189  1.125011E-19
3.9580247944241  1.202657E-19
3.95819075850631  1.227113E-19
3.95835672258852  1.248014E-19
3.95852268667073  1.196884E-19
3.95868865075293  1.487475E-19
3.95885461483514  1.207010E-19
3.95902057891735  1.231882E-19
3.95918654299956  1.646936E-19
3.95935250708177  1.153585E-19
3.95951847116398  1.187380E-19
3.95968443524619  1.185502E-19
3.9598503993284  1.211920E-19
3.96001636341061  1.217888E-19
3.96018232749282  1.181584E-19
3.96034829157502  1.063685E-19
3.96051425565723  1.244886E-19
3.96068021973944  1.247251E-19
3.96084618382165  1.265446E-19
3.96101214790386  1.188817E-19
3.96117811198607  1.163562E-19
3.96134407606828  1.211443E-19
3.96151004015049  1.517039E-19
3.9616760042327  1.345224E-19
3.96184196831491  1.321331E-19
3.96200793239711  1.433586E-19
3.96217389647932  1.218494E-19
3.96233986056153  1.224202E-19
3.96250582464374  1.246479E-19
3.96267178872595  1.254726E-19
3.96283775280816  1.238162E-19
3.96300371689037  1.256265E-19
3.96316968097258  1.228116E-19
3.96333564505479  1.163401E-19
3.963501609137  1.166184E-19
3.9636675732192  1.150410E-19
3.96383353730141  9.412920E-20
3.96399950138362  1.218747E-19
3.96416546546583  1.198223E-19
3.96433142954804  1.238031E-19
3.96449739363025  1.167132E-19
3.96466335771246  1.298328E-19
3.96482932179467  1.301203E-19
3.96499528587688  1.502612E-19
3.96516124995909  1.280457E-19
3.96532721404129  1.263745E-19
3.9654931781235  1.257585E-19
3.96565914220571  1.273707E-19
3.96582510628792  1.271792E-19
3.96599107037013  1.308641E-19
3.96615703445234  1.372221E-19
3.96632299853455  1.334274E-19
3.96648896261676  1.283321E-19
3.96665492669897  1.308586E-19
3.96682089078118  1.339714E-19
3.96698685486338  1.318813E-19
3.96715281894559  1.295507E-19
3.9673187830278  1.310846E-19
3.96748474711001  1.354527E-19
3.96765071119222  1.288222E-19
3.96781667527443  1.491781E-19
3.96798263935664  1.430663E-19
3.96814860343885  1.563687E-19
3.96831456752106  1.417398E-19
3.96848053160327  1.441456E-19
3.96864649568547  1.675212E-19
3.96881245976768  4.085790E-19
3.96897842384989  2.803635E-19
3.9691443879321  3.505046E-19
3.96931035201431  2.576802E-19
3.96947631609652  2.220664E-19
3.96964228017873  3.577521E-19
3.96980824426094  1.633680E-19
3.96997420834315  1.946059E-19
3.97014017242536  2.163561E-19
3.97030613650756  2.263412E-19
3.97047210058977  1.847550E-19
3.97063806467198  1.675176E-19
3.97080402875419  1.665090E-19
3.9709699928364  1.666415E-19
3.97113595691861  1.624145E-19
3.97130192100082  1.552844E-19
3.97146788508303  1.536072E-19
3.97163384916524  1.853687E-19
3.97179981324745  2.652462E-19
3.97196577732965  6.532721E-19
3.97213174141186  4.089797E-19
3.97229770549407  3.647861E-19
3.97246366957628  3.713255E-19
3.97262963365849  2.725433E-19
3.9727955977407  2.411348E-19
3.97296156182291  2.640277E-19
3.97312752590512  3.286143E-19
3.97329348998733  3.374732E-19
3.97345945406954  2.296473E-19
3.97362541815174  2.403386E-19
3.97379138223395  5.448616E-19
3.97395734631616  5.402648E-19
3.97412331039837  3.583548E-19
3.97428927448058  2.534155E-19
3.97445523856279  3.003952E-19
3.974621202645  2.318445E-19
3.97478716672721  2.658628E-19
3.97495313080942  9.582214E-19
3.97511909489163  2.998049E-19
3.97528505897383  2.603837E-19
3.97545102305604  2.444848E-19
3.97561698713825  2.692566E-19
3.97578295122046  5.303139E-19
3.97594891530267  3.379097E-19
3.97611487938488  2.225574E-19
3.97628084346709  2.491844E-19
3.9764468075493  2.335201E-19
3.97661277163151  5.175661E-19
3.97677873571372  3.479854E-19
3.97694469979592  2.626741E-19
3.97711066387813  2.136335E-19
3.97727662796034  2.385572E-19
3.97744259204255  2.624619E-19
3.97760855612476  2.335074E-19
3.97777452020697  4.618085E-19
3.97794048428918  3.010872E-19
3.97810644837139  2.172277E-19
3.9782724124536  2.136855E-19
3.97843837653581  2.480615E-19
3.97860434061801  6.988409E-19
3.97877030470022  2.781126E-19
3.97893626878243  2.388150E-19
3.97910223286464  2.454884E-19
3.97926819694685  2.331531E-19
3.97943416102906  2.656348E-19
3.97960012511127  2.116554E-19
3.97976608919348  2.277731E-19
3.97993205327569  2.103766E-19
3.9800980173579  4.294296E-19
3.98026398144011  2.567680E-19
3.98042994552231  2.449766E-19
3.98059590960452  2.311378E-19
3.98076187368673  5.325461E-19
3.98092783776894  2.492601E-19
3.98109380185115  2.170119E-19
3.98125976593336  2.102190E-19
3.98142573001557  2.217477E-19
3.98159169409778  2.063659E-19
3.98175765817999  2.205591E-19
3.98192362226219  2.297636E-19
3.9820895863444  2.022384E-19
3.98225555042661  1.996227E-19
3.98242151450882  2.129279E-19
3.98258747859103  3.519624E-19
3.98275344267324  2.188669E-19
3.98291940675545  2.105877E-19
3.98308537083766  2.355254E-19
3.98325133491987  3.571438E-19
3.98341729900208  2.162084E-19
3.98358326308428  2.258717E-19
3.98374922716649  2.119563E-19
3.9839151912487  2.284068E-19
3.98408115533091  2.103233E-19
3.98424711941312  1.967344E-19
3.98441308349533  1.980944E-19
3.98457904757754  2.179637E-19
3.98474501165975  2.250445E-19
3.98491097574196  2.292511E-19
3.98507693982417  2.317741E-19
3.98524290390638  3.955981E-19
3.98540886798858  3.247714E-19
3.98557483207079  2.419971E-19
3.985740796153  2.247368E-19
3.98590676023521  4.276695E-19
3.98607272431742  2.672789E-19
3.98623868839963  2.334392E-19
3.98640465248184  2.667647E-19
3.98657061656405  2.208527E-19
3.98673658064626  4.476828E-19
3.98690254472846  2.286456E-19
3.98706850881067  2.069015E-19
3.98723447289288  2.820711E-19
3.98740043697509  2.433139E-19
3.9875664010573  2.935080E-19
3.98773236513951  3.358810E-19
3.98789832922172  2.184336E-19
3.98806429330393  2.196104E-19
3.98823025738614  2.289044E-19
3.98839622146835  3.568070E-19
3.98856218555055  2.662775E-19
3.98872814963276  2.612775E-19
3.98889411371497  4.199010E-19
3.98906007779718  1.970199E-19
3.98922604187939  2.002142E-19
3.9893920059616  1.924150E-19
3.98955797004381  1.917657E-19
3.98972393412602  1.945651E-19
3.98988989820823  1.947715E-19
3.99005586229044  1.989410E-19
3.99022182637265  2.033214E-19
3.99038779045485  2.062814E-19
3.99055375453706  2.209709E-19
3.99071971861927  3.687117E-19
3.99088568270148  4.601546E-19
3.99105164678369  2.799882E-19
3.9912176108659  4.375676E-19
3.99138357494811  2.265091E-19
3.99154953903032  2.692078E-19
3.99171550311253  3.051826E-19
3.99188146719473  2.550149E-19
3.99204743127694  2.593100E-19
3.99221339535915  2.147638E-19
3.99237935944136  2.307439E-19
3.99254532352357  2.398043E-19
3.99271128760578  2.144794E-19
3.99287725168799  2.105172E-19
3.9930432157702  2.089673E-19
3.99320917985241  2.234572E-19
3.99337514393462  4.206599E-19
3.99354110801682  2.234046E-19
3.99370707209903  2.135596E-19
3.99387303618124  2.130321E-19
3.99403900026345  2.210144E-19
3.99420496434566  2.450474E-19
3.99437092842787  4.962015E-19
3.99453689251008  2.995475E-19
3.99470285659229  2.325071E-19
3.9948688206745  2.317196E-19
3.99503478475671  2.661063E-19
3.99520074883892  2.333782E-19
3.99536671292112  4.209590E-19
3.99553267700333  2.820457E-19
3.99569864108554  2.439426E-19
3.99586460516775  2.336169E-19
3.99603056924996  2.491003E-19
3.99619653333217  3.972562E-19
3.99636249741438  4.065818E-19
3.99652846149659  2.505809E-19
3.9966944255788  2.426261E-19
3.996860389661  2.353858E-19
3.99702635374321  2.435172E-19
3.99719231782542  2.609214E-19
3.99735828190763  3.384504E-19
3.99752424598984  6.458775E-19
3.99769021007205  8.258437E-19
3.99785617415426  3.834417E-19
3.99802213823647  4.109837E-19
3.99818810231868  5.306432E-19
3.99835406640089  6.503105E-19
3.99852003048309  3.052408E-19
3.9986859945653  3.311161E-19
3.99885195864751  4.271608E-19
3.99901792272972  3.325246E-19
3.99918388681193  3.016497E-19
3.99934985089414  2.694995E-19
3.99951581497635  3.743736E-19
3.99968177905856  2.764062E-19
3.99984774314077  2.853453E-19
4.00001370722298  4.422835E-19
4.00017967130519  3.277975E-19
4.00034563538739  3.568034E-19
4.0005115994696  7.943481E-19
4.00067756355181  5.247302E-19
4.00084352763402  3.796927E-19
4.00100949171623  4.669437E-19
4.00117545579844  5.007500E-19
4.00134141988065  3.304625E-19
4.00150738396286  4.162993E-19
4.00167334804507  3.443644E-19
4.00183931212727  4.490703E-19
4.00200527620948  3.578723E-19
4.00217124029169  3.226053E-19
4.0023372043739  3.276916E-19
4.00250316845611  4.012638E-19
4.00266913253832  5.971338E-19
4.00283509662053  4.249970E-19
4.00300106070274  5.063907E-19
4.00316702478495  4.304543E-19
4.00333298886716  4.009596E-19
4.00349895294937  6.087525E-19
4.00366491703157  5.584991E-19
4.00383088111378  4.037236E-19
4.00399684519599  3.955163E-19
4.0041628092782  4.274898E-19
4.00432877336041  4.365886E-19
4.00449473744262  7.481975E-19
4.00466070152483  4.257241E-19
4.00482666560704  4.218696E-19
4.00499262968925  4.413576E-19
4.00515859377146  4.785519E-19
4.00532455785366  9.801770E-19
4.00549052193587  5.682221E-19
4.00565648601808  5.181483E-19
4.00582245010029  5.037399E-19
4.0059884141825  4.832958E-19
4.00615437826471  5.591675E-19
4.00632034234692  6.033340E-19
4.00648630642913  6.707043E-19
4.00665227051134  8.159646E-19
4.00681823459354  7.374428E-19
4.00698419867575  6.510022E-19
4.00715016275796  7.202851E-19
4.00731612684017  9.502772E-19
4.00748209092238  9.629814E-19
4.00764805500459  6.849093E-19
4.0078140190868  8.723719E-19
4.00797998316901  7.420740E-19
4.00814594725122  1.237886E-18
4.00831191133343  7.742554E-19
4.00847787541564  7.404346E-19
4.00864383949784  8.750358E-19
4.00880980358005  9.664426E-19
4.00897576766226  1.283299E-18
4.00914173174447  1.163978E-18
4.00930769582668  8.173044E-19
4.00947365990889  8.454107E-19
4.0096396239911  1.121843E-18
4.00980558807331  1.140995E-18
4.00997155215552  1.087685E-18
4.01013751623773  8.525090E-19
4.01030348031993  8.302948E-19
4.01046944440214  8.354202E-19
4.01063540848435  8.472474E-19
4.01080137256656  1.195508E-18
4.01096733664877  9.256264E-19
4.01113330073098  9.239937E-19
4.01129926481319  9.864904E-19
4.0114652288954  1.056888E-18
4.01163119297761  1.309764E-18
4.01179715705981  1.150071E-18
4.01196312114202  1.232504E-18
4.01212908522423  1.570837E-18
4.01229504930644  2.946834E-18
4.01246101338865  1.560083E-18
4.01262697747086  2.024464E-18
4.01279294155307  1.522383E-18
4.01295890563528  1.405285E-18
4.01312486971749  1.467051E-18
4.01329083379969  1.646556E-18
4.01345679788191  1.391509E-18
4.01362276196411  1.388368E-18
4.01378872604632  1.424411E-18
4.01395469012853  1.554854E-18
4.01412065421074  1.505037E-18
4.01428661829295  1.524690E-18
4.01445258237516  1.664758E-18
4.01461854645737  1.711048E-18
4.01478451053958  2.229251E-18
4.01495047462179  1.902149E-18
4.015116438704  2.023215E-18
4.0152824027862  1.815470E-18
4.01544836686841  1.868919E-18
4.01561433095062  1.971701E-18
4.01578029503283  2.293643E-18
4.01594625911504  3.374434E-18
4.01611222319725  2.177291E-18
4.01627818727946  2.131875E-18
4.01644415136167  2.160085E-18
4.01661011544388  2.218774E-18
4.01677607952608  2.445024E-18
4.01694204360829  3.058965E-18
4.0171080076905  2.409658E-18
4.01727397177271  2.474228E-18
4.01743993585492  2.592624E-18
4.01760589993713  2.742755E-18
4.01777186401934  4.435335E-18
4.01793782810155  3.168337E-18
4.01810379218376  2.872673E-18
4.01826975626596  2.964747E-18
4.01843572034818  2.851338E-18
4.01860168443038  2.875274E-18
4.01876764851259  2.920090E-18
4.0189336125948  3.030558E-18
4.01909957667701  3.842702E-18
4.01926554075922  3.302243E-18
4.01943150484143  3.208051E-18
4.01959746892364  3.324066E-18
4.01976343300585  3.537703E-18
4.01992939708806  5.296101E-18
4.02009536117027  3.612212E-18
4.02026132525247  3.570083E-18
4.02042728933468  3.609958E-18
4.02059325341689  3.725511E-18
4.0207592174991  3.804034E-18
4.02092518158131  3.822484E-18
4.02109114566352  3.940784E-18
4.02125710974573  4.003831E-18
4.02142307382794  4.124663E-18
4.02158903791015  4.918565E-18
4.02175500199235  4.416658E-18
4.02192096607456  4.417039E-18
4.02208693015677  1.524851E-17
4.02225289423898  5.734497E-18
4.02241885832119  4.608388E-18
4.0225848224034  4.670887E-18
4.02275078648561  4.702398E-18
4.02291675056782  4.795638E-18
4.02308271465003  4.889921E-18
4.02324867873223  5.003944E-18
4.02341464281445  5.143242E-18
4.02358060689665  5.161912E-18
4.02374657097886  5.249786E-18
4.02391253506107  5.352437E-18
4.02407849914328  5.542685E-18
4.02424446322549  5.798049E-18
4.0244104273077  5.715499E-18
4.02457639138991  5.799003E-18
4.02474235547212  6.431919E-18
4.02490831955433  6.055677E-18
4.02507428363654  6.163760E-18
4.02524024771874  6.276800E-18
4.02540621180095  6.292926E-18
4.02557217588316  6.413475E-18
4.02573813996537  7.225565E-18
4.02590410404758  6.564232E-18
4.02607006812979  6.725334E-18
4.026236032212  6.958291E-18
4.02640199629421  6.967930E-18
4.02656796037642  7.130364E-18
4.02673392445862  7.243216E-18
4.02689988854083  7.506988E-18
4.02706585262304  7.551482E-18
4.02723181670525  7.684235E-18
4.02739778078746  7.993462E-18
4.02756374486967  8.103242E-18
4.02772970895188  8.133208E-18
4.02789567303409  8.310984E-18
4.0280616371163  8.465905E-18
4.0282276011985  8.597324E-18
4.02839356528072  8.857591E-18
4.02855952936292  9.080230E-18
4.02872549344513  9.535032E-18
4.02889145752734  9.759447E-18
4.02905742160955  9.944018E-18
4.02922338569176  1.033394E-17
4.02938934977397  1.043701E-17
4.02955531385618  1.068404E-17
4.02972127793839  1.107083E-17
4.0298872420206  1.200264E-17
4.03005320610281  1.147480E-17
4.03021917018501  1.214905E-17
4.03038513426722  1.208618E-17
4.03055109834943  1.429132E-17
4.03071706243164  1.258368E-17
4.03088302651385  1.304132E-17
4.03104899059606  1.363022E-17
4.03121495467827  1.425353E-17
4.03138091876048  1.543144E-17
4.03154688284269  1.566612E-17
4.0317128469249  1.485073E-17
4.0318788110071  1.538097E-17
4.03204477508931  1.572243E-17
4.03221073917152  1.668731E-17
4.03237670325373  1.761780E-17
4.03254266733594  1.724238E-17
4.03270863141815  1.780246E-17
4.03287459550036  1.821242E-17
4.03304055958257  1.903877E-17
4.03320652366477  1.956341E-17
4.03337248774699  2.025126E-17
4.03353845182919  2.105884E-17
4.0337044159114  2.135997E-17
4.03387037999361  2.233443E-17
4.03403634407582  2.327141E-17
4.03420230815803  2.381965E-17
4.03436827224024  2.480462E-17
4.03453423632245  2.842813E-17
4.03470020040466  3.418654E-17
4.03486616448687  2.778630E-17
4.03503212856908  3.071955E-17
4.03519809265128  2.981507E-17
4.03536405673349  2.904822E-17
4.0355300208157  2.998707E-17
4.03569598489791  3.151038E-17
4.03586194898012  3.098623E-17
4.03602791306233  3.166322E-17
4.03619387714454  3.223748E-17
4.03635984122675  3.238712E-17
4.03652580530896  3.284561E-17
4.03669176939117  3.283312E-17
4.03685773347337  3.339547E-17
4.03702369755558  3.362204E-17
4.03718966163779  3.462695E-17
4.03735562572  3.409309E-17
4.03752158980221  3.335137E-17
4.03768755388442  3.324204E-17
4.03785351796663  3.297811E-17
4.03801948204884  3.265933E-17
4.03818544613105  3.281752E-17
4.03835141021326  3.609212E-17
4.03851737429546  3.198098E-17
4.03868333837767  3.861737E-17
