3.59107820866  2.596085E-17
3.59124417274221  2.286988E-17
3.59141013682442  2.915926E-17
3.59157610090663  3.762551E-18
3.59174206498884  7.339303E-19
3.59190802907104  2.318901E-17
3.59207399315325  -2.894561E-17
3.59223995723546  -1.239812E-17
3.59240592131767  -2.865378E-17
3.59257188539988  -1.264250E-18
3.59273784948209  3.825562E-17
3.5929038135643  -4.225401E-18
3.59306977764651  4.558392E-18
3.59323574172872  2.406860E-17
3.59340170581093  -6.301785E-18
3.59356766989314  -8.406592E-18
3.59373363397534  1.405631E-17
3.59389959805755  3.583588E-18
3.59406556213976  6.438046E-19
3.59423152622197  7.043527E-20
3.59439749030418  7.303754E-18
3.59456345438639  7.286597E-18
3.5947294184686  -1.254016E-18
3.59489538255081  1.218741E-17
3.59506134663302  1.752469E-18
3.59522731071522  1.296721E-18
3.59539327479743  -2.192809E-18
3.59555923887964  2.448167E-18
3.59572520296185  -4.435237E-18
3.59589116704406  9.295279E-18
3.59605713112627  -2.491052E-18
3.59622309520848  2.867421E-18
3.59638905929069  -1.867387E-18
3.5965550233729  2.176205E-18
3.59672098745511  -3.166200E-18
3.59688695153731  -2.039389E-18
3.59705291561952  1.107766E-18
3.59721887970173  1.243524E-19
3.59738484378394  1.486076E-19
3.59755080786615  -9.773159E-19
3.59771677194836  -8.580089E-19
3.59788273603057  2.354560E-18
3.59804870011278  -3.389798E-19
3.59821466419499  3.230772E-18
3.5983806282772  2.741471E-19
3.59854659235941  -4.255427E-19
3.59871255644161  3.942984E-18
3.59887852052382  -2.705449E-19
3.59904448460603  -2.021458E-18
3.59921044868824  -1.358733E-18
3.59937641277045  5.202435E-18
3.59954237685266  -1.811929E-19
3.59970834093487  -7.572487E-19
3.59987430501708  -1.029390E-18
3.60004026909929  -7.970704E-19
3.60020623318149  -2.959894E-19
3.6003721972637  1.310768E-18
3.60053816134591  -1.778289E-18
3.60070412542812  -7.054101E-20
3.60087008951033  1.424925E-18
3.60103605359254  2.018877E-18
3.60120201767475  -1.408089E-18
3.60136798175696  -3.254626E-19
3.60153394583917  8.154803E-19
3.60169990992138  -1.789619E-19
3.60186587400358  3.296623E-19
3.60203183808579  2.024165E-18
3.602197802168  -1.421481E-18
3.60236376625021  -3.521782E-18
3.60252973033242  -1.200702E-18
3.60269569441463  6.246939E-19
3.60286165849684  -1.682780E-18
3.60302762257905  -1.340684E-18
3.60319358666126  2.088658E-18
3.60335955074347  -2.014956E-18
3.60352551482568  5.288946E-19
3.60369147890788  1.451258E-18
3.60385744299009  1.299674E-18
3.6040234070723  1.669381E-18
3.60418937115451  -2.392341E-18
3.60435533523672  6.058970E-19
3.60452129931893  -6.792980E-19
3.60468726340114  -2.245897E-18
3.60485322748335  -7.596843E-19
3.60501919156556  -1.774858E-19
3.60518515564776  -5.287887E-19
3.60535111972997  2.395264E-19
3.60551708381218  1.516167E-20
3.60568304789439  -6.475316E-19
3.6058490119766  -2.352709E-20
3.60601497605881  1.328331E-18
3.60618094014102  -6.550867E-19
3.60634690422323  2.429845E-19
3.60651286830544  1.206283E-18
3.60667883238765  4.171852E-19
3.60684479646985  -2.451179E-19
3.60701076055206  9.244466E-19
3.60717672463427  5.721235E-19
3.60734268871648  1.784861E-20
3.60750865279869  1.077983E-18
3.6076746168809  2.913294E-19
3.60784058096311  6.299825E-19
3.60800654504532  1.590560E-19
3.60817250912753  -8.870837E-19
3.60833847320974  -7.336558E-19
3.60850443729195  -3.929531E-19
3.60867040137415  -6.500061E-19
3.60883636545636  6.409805E-19
3.60900232953857  4.229204E-19
3.60916829362078  -3.697676E-19
3.60933425770299  7.111839E-19
3.6095002217852  -6.447754E-19
3.60966618586741  1.273510E-19
3.60983214994962  -1.455250E-19
3.60999811403183  -8.053334E-19
3.61016407811403  5.208241E-19
3.61033004219624  1.477526E-18
3.61049600627845  -5.494261E-19
3.61066197036066  3.536823E-19
3.61082793444287  -6.413802E-19
3.61099389852508  3.475930E-19
3.61115986260729  3.044984E-19
3.6113258266895  5.204216E-19
3.61149179077171  3.510733E-19
3.61165775485392  -7.635383E-19
3.61182371893612  1.315492E-19
3.61198968301833  -3.561259E-20
3.61215564710054  -4.381005E-19
3.61232161118275  -3.310260E-19
3.61248757526496  -3.906075E-19
3.61265353934717  -2.194427E-19
3.61281950342938  -4.579619E-20
3.61298546751159  -3.916482E-19
3.6131514315938  9.464140E-19
3.61331739567601  9.738954E-21
3.61348335975822  5.497818E-19
3.61364932384042  4.825169E-19
3.61381528792263  1.063526E-19
3.61398125200484  -4.903860E-20
3.61414721608705  -3.060235E-19
3.61431318016926  -1.414106E-19
3.61447914425147  -4.376726E-19
3.61464510833368  -2.325319E-19
3.61481107241589  -3.841438E-19
3.6149770364981  -3.760748E-20
3.6151430005803  1.885210E-20
3.61530896466251  -2.875576E-19
3.61547492874472  3.207955E-19
3.61564089282693  4.815583E-19
3.61580685690914  5.728796E-19
3.61597282099135  4.373824E-19
3.61613878507356  3.069499E-19
3.61630474915577  2.876923E-20
3.61647071323798  -1.206844E-19
3.61663667732019  -5.051852E-19
3.61680264140239  1.691424E-19
3.6169686054846  -7.746894E-19
3.61713456956681  -4.292119E-20
3.61730053364902  -2.608343E-19
3.61746649773123  -2.212674E-19
3.61763246181344  5.429895E-19
3.61779842589565  -1.452594E-19
3.61796438997786  -9.194087E-20
3.61813035406007  -6.782688E-19
3.61829631814228  6.415869E-19
3.61846228222449  -3.213694E-19
3.61862824630669  7.519655E-20
3.6187942103889  -9.432611E-20
3.61896017447111  3.312669E-20
3.61912613855332  -1.288814E-19
3.61929210263553  2.841015E-19
3.61945806671774  6.911883E-19
3.61962403079995  -7.869060E-20
3.61978999488216  7.431690E-19
3.61995595896437  1.800630E-20
3.62012192304657  3.710809E-19
3.62028788712878  -6.309133E-19
3.62045385121099  8.016408E-20
3.6206198152932  9.608352E-21
3.62078577937541  3.965026E-20
3.62095174345762  3.072076E-19
3.62111770753983  6.080682E-19
3.62128367162204  -4.726613E-19
3.62144963570425  5.274658E-19
3.62161559978646  2.420555E-19
3.62178156386867  9.780020E-19
3.62194752795087  4.332900E-19
3.62211349203308  2.465001E-19
3.62227945611529  3.849316E-19
3.6224454201975  1.079826E-19
3.62261138427971  -6.281172E-19
3.62277734836192  3.568672E-19
3.62294331244413  1.665753E-19
3.62310927652634  6.808649E-19
3.62327524060855  -1.361332E-21
3.62344120469076  6.276031E-20
3.62360716877296  6.114287E-20
3.62377313285517  4.649496E-19
3.62393909693738  -2.485857E-21
3.62410506101959  5.205520E-21
3.6242710251018  2.274727E-19
3.62443698918401  6.340581E-19
3.62460295326622  -5.073281E-19
3.62476891734843  -3.387488E-19
3.62493488143064  -5.712485E-19
3.62510084551284  -2.695041E-19
3.62526680959505  3.077708E-19
3.62543277367726  -2.240688E-19
3.62559873775947  -5.361736E-19
3.62576470184168  -7.542318E-20
3.62593066592389  3.195067E-19
3.6260966300061  4.180242E-20
3.62626259408831  -2.727262E-20
3.62642855817052  -7.816302E-19
3.62659452225273  2.434594E-20
3.62676048633494  9.449450E-20
3.62692645041714  -3.459400E-19
3.62709241449935  -2.495898E-19
3.62725837858156  -6.693448E-19
3.62742434266377  5.949341E-19
3.62759030674598  -3.967513E-19
3.62775627082819  -4.236310E-19
3.6279222349104  -1.306449E-19
3.62808819899261  3.415411E-19
3.62825416307482  4.555340E-19
3.62842012715702  -7.776254E-19
3.62858609123923  -3.764455E-19
3.62875205532144  9.800491E-19
3.62891801940365  -2.600997E-19
3.62908398348586  5.202306E-19
3.62924994756807  1.207987E-19
3.62941591165028  -1.183241E-19
3.62958187573249  1.447286E-19
3.6297478398147  2.024605E-19
3.62991380389691  4.663893E-19
3.63007976797911  -1.650490E-19
3.63024573206132  7.898217E-19
3.63041169614353  -4.815264E-19
3.63057766022574  1.012627E-18
3.63074362430795  4.466733E-19
3.63090958839016  5.136341E-19
3.63107555247237  -3.809319E-19
3.63124151655458  2.607526E-19
3.63140748063679  -1.945718E-20
3.631573444719  3.427628E-19
3.63173940880121  1.593399E-19
3.63190537288341  1.080687E-18
3.63207133696562  2.224194E-20
3.63223730104783  -4.512621E-19
3.63240326513004  1.350099E-19
3.63256922921225  -8.495895E-19
3.63273519329446  -2.375385E-19
3.63290115737667  3.439636E-19
3.63306712145888  -3.820637E-19
3.63323308554109  -1.925138E-19
3.63339904962329  6.417879E-20
3.6335650137055  1.171943E-19
3.63373097778771  4.291445E-19
3.63389694186992  -4.053459E-19
3.63406290595213  -2.040045E-19
3.63422887003434  -7.127115E-20
3.63439483411655  1.024546E-19
3.63456079819876  2.730620E-19
3.63472676228097  2.667259E-19
3.63489272636318  1.290096E-19
3.63505869044538  4.466132E-19
3.63522465452759  1.859303E-19
3.6353906186098  4.362791E-19
3.63555658269201  -5.726202E-19
3.63572254677422  -9.702770E-20
3.63588851085643  -3.836610E-20
3.63605447493864  1.389467E-19
3.63622043902085  2.388442E-19
3.63638640310306  -3.025557E-19
3.63655236718527  -8.626427E-20
3.63671833126748  2.754275E-19
3.63688429534968  -1.513619E-19
3.63705025943189  9.052201E-20
3.6372162235141  -1.794902E-19
3.63738218759631  2.267506E-19
3.63754815167852  -7.969565E-20
3.63771411576073  2.745528E-20
3.63788007984294  4.144629E-19
3.63804604392515  3.182177E-19
3.63821200800736  1.310226E-19
3.63837797208956  8.253843E-19
3.63854393617177  6.047935E-19
3.63870990025398  6.846290E-20
3.63887586433619  -8.190252E-20
3.6390418284184  3.589546E-19
3.63920779250061  -2.569647E-19
3.63937375658282  -4.668967E-19
3.63953972066503  -8.351010E-20
3.63970568474724  3.323074E-19
3.63987164882945  1.148930E-19
3.64003761291165  -3.393446E-19
3.64020357699386  2.541081E-20
3.64036954107607  2.512416E-19
3.64053550515828  -1.041894E-19
3.64070146924049  -2.196079E-19
3.6408674333227  -2.307052E-19
3.64103339740491  2.418926E-20
3.64119936148712  1.368472E-19
3.64136532556933  3.641576E-20
3.64153128965154  1.431457E-19
3.64169725373375  -1.334425E-19
3.64186321781595  4.676184E-19
3.64202918189816  7.660090E-20
3.64219514598037  3.604455E-19
3.64236111006258  -3.033455E-19
3.64252707414479  2.949056E-19
3.642693038227  2.052404E-19
3.64285900230921  2.477024E-19
3.64302496639142  4.494904E-20
3.64319093047363  -6.154948E-20
3.64335689455583  -1.380108E-19
3.64352285863804  -4.221303E-19
3.64368882272025  -1.658788E-19
3.64385478680246  2.192639E-19
3.64402075088467  4.443852E-20
3.64418671496688  1.396249E-20
3.64435267904909  -7.149470E-20
3.6445186431313  5.895418E-19
3.64468460721351  2.323741E-19
3.64485057129572  1.036578E-19
3.64501653537792  -6.541122E-20
3.64518249946013  4.718844E-21
3.64534846354234  6.574976E-20
3.64551442762455  9.695465E-20
3.64568039170676  1.192779E-19
3.64584635578897  -2.847671E-19
3.64601231987118  3.301940E-19
3.64617828395339  -3.786656E-19
3.6463442480356  -1.653340E-20
3.64651021211781  1.637448E-19
3.64667617620002  -1.850571E-19
3.64684214028222  3.739860E-19
3.64700810436443  3.891888E-19
3.64717406844664  -1.163414E-19
3.64734003252885  4.396950E-19
3.64750599661106  -2.642260E-19
3.64767196069327  -3.720521E-19
3.64783792477548  1.962998E-19
3.64800388885769  1.642778E-19
3.6481698529399  -2.308800E-20
3.6483358170221  2.831022E-19
3.64850178110431  -1.131176E-19
3.64866774518652  8.616320E-20
3.64883370926873  -2.743432E-20
3.64899967335094  -2.792993E-20
3.64916563743315  -5.587985E-20
3.64933160151536  -2.689186E-19
3.64949756559757  2.859089E-19
3.64966352967978  -1.768371E-20
3.64982949376199  1.292351E-19
3.64999545784419  -6.151539E-19
3.6501614219264  -3.142740E-20
3.65032738600861  -3.600542E-19
3.65049335009082  1.536235E-19
3.65065931417303  -1.156281E-17
3.65082527825524  -5.653770E-20
3.65099124233745  -5.066661E-18
3.65115720641966  5.076951E-18
3.65132317050187  4.942549E-18
3.65148913458408  1.662404E-18
3.65165509866629  -2.050720E-18
3.65182106274849  4.369746E-18
3.6519870268307  7.810329E-18
3.65215299091291  -6.295282E-18
3.65231895499512  -3.588008E-18
3.65248491907733  -4.113499E-19
3.65265088315954  -3.880429E-18
3.65281684724175  -2.829958E-18
3.65298281132396  -1.018972E-18
3.65314877540617  -1.335981E-18
3.65331473948837  3.050738E-18
3.65348070357058  1.028732E-18
3.65364666765279  4.950751E-19
3.653812631735  -7.655521E-19
3.65397859581721  1.427632E-18
3.65414455989942  1.847020E-18
3.65431052398163  7.118744E-19
3.65447648806384  -5.793114E-19
3.65464245214605  1.230755E-20
3.65480841622826  -1.220524E-18
3.65497438031046  1.989034E-18
3.65514034439267  -6.740225E-19
3.65530630847488  4.862193E-19
3.65547227255709  -3.838696E-19
3.6556382366393  8.230822E-19
3.65580420072151  -5.424164E-19
3.65597016480372  4.256069E-19
3.65613612888593  -8.805767E-20
3.65630209296814  -4.829148E-19
3.65646805705035  1.325060E-19
3.65663402113256  4.959207E-19
3.65679998521476  -7.360144E-19
3.65696594929697  1.634000E-19
3.65713191337918  3.869420E-19
3.65729787746139  4.137282E-20
3.6574638415436  -7.219643E-19
3.65762980562581  -3.641247E-19
3.65779576970802  6.604330E-19
3.65796173379023  3.195858E-19
3.65812769787244  -5.496370E-19
3.65829366195464  1.985107E-20
3.65845962603685  -7.342886E-21
3.65862559011906  1.949650E-19
3.65879155420127  1.028422E-19
3.65895751828348  -4.036471E-19
3.65912348236569  2.543179E-20
3.6592894464479  -5.632467E-19
3.65945541053011  5.639038E-20
3.65962137461232  5.093077E-19
3.65978733869453  2.622694E-19
3.65995330277673  -9.444934E-20
3.66011926685894  -2.679621E-20
3.66028523094115  -1.211852E-19
3.66045119502336  -2.163481E-19
3.66061715910557  -2.043667E-19
3.66078312318778  -3.334108E-19
3.66094908726999  5.617555E-19
3.6611150513522  3.845950E-19
3.66128101543441  1.694210E-19
3.66144697951662  -1.820747E-19
3.66161294359883  -7.783968E-21
3.66177890768103  6.098229E-20
3.66194487176324  7.173350E-19
3.66211083584545  2.023450E-19
3.66227679992766  1.710271E-19
3.66244276400987  -7.600967E-19
3.66260872809208  6.614436E-20
3.66277469217429  2.438735E-19
3.6629406562565  -6.840417E-21
3.66310662033871  4.858062E-20
3.66327258442091  3.300920E-20
3.66343854850312  3.617066E-20
3.66360451258533  2.396547E-19
3.66377047666754  -1.263873E-19
3.66393644074975  2.201523E-19
3.66410240483196  1.255776E-19
3.66426836891417  1.532799E-19
3.66443433299638  1.977623E-19
3.66460029707859  2.511739E-19
3.6647662611608  -1.637892E-19
3.664932225243  1.340656E-19
3.66509818932521  2.053667E-20
3.66526415340742  7.868530E-20
3.66543011748963  2.252440E-19
3.66559608157184  1.381408E-19
3.66576204565405  -1.020839E-19
3.66592800973626  1.270022E-19
3.66609397381847  -2.444527E-19
3.66625993790068  -3.324483E-19
3.66642590198289  2.556490E-19
3.6665918660651  8.088089E-20
3.6667578301473  -3.311024E-19
3.66692379422951  -1.743852E-19
3.66708975831172  3.690308E-19
3.66725572239393  -1.362869E-19
3.66742168647614  3.106581E-19
3.66758765055835  -4.779201E-20
3.66775361464056  -3.975988E-20
3.66791957872277  -2.687933E-19
3.66808554280498  8.976906E-20
3.66825150688718  2.330618E-19
3.66841747096939  2.147776E-20
3.6685834350516  2.487854E-19
3.66874939913381  -2.935420E-20
3.66891536321602  -5.484565E-20
3.66908132729823  4.745719E-21
3.66924729138044  -8.354487E-20
3.66941325546265  1.271917E-20
3.66957921954486  -2.372857E-19
3.66974518362707  -4.961345E-20
3.66991114770927  -6.823791E-20
3.67007711179148  1.590244E-19
3.67024307587369  -1.531555E-19
3.6704090399559  3.949631E-19
3.67057500403811  -9.832564E-20
3.67074096812032  2.917904E-21
3.67090693220253  -2.151418E-19
3.67107289628474  9.345788E-20
3.67123886036695  1.683440E-20
3.67140482444916  1.604982E-19
3.67157078853136  -1.927478E-19
3.67173675261357  7.221594E-20
3.67190271669578  -8.689770E-20
3.67206868077799  -2.220328E-20
3.6722346448602  2.153292E-19
3.67240060894241  1.039815E-19
3.67256657302462  1.459200E-19
3.67273253710683  -4.125518E-20
3.67289850118904  -6.161195E-20
3.67306446527125  -9.182432E-20
3.67323042935345  4.474904E-20
3.67339639343566  -1.999307E-19
3.67356235751787  1.218561E-19
3.67372832160008  -2.243935E-19
3.67389428568229  -1.091691E-21
3.6740602497645  -1.375950E-19
3.67422621384671  -2.314362E-19
3.67439217792892  1.118656E-19
3.67455814201113  2.123630E-19
3.67472410609334  1.370374E-19
3.67489007017554  3.206544E-19
3.67505603425775  2.215639E-20
3.67522199833996  7.289997E-21
3.67538796242217  -1.967462E-19
3.67555392650438  4.224243E-20
3.67571989058659  1.606925E-19
3.6758858546688  7.915966E-20
3.67605181875101  -1.645665E-19
3.67621778283322  2.151768E-19
3.67638374691543  1.033003E-19
3.67654971099763  1.811285E-19
3.67671567507984  -1.899206E-19
3.67688163916205  -1.366618E-20
3.67704760324426  -1.490962E-20
3.67721356732647  -1.244001E-19
3.67737953140868  -8.316676E-20
3.67754549549089  1.261017E-19
3.6777114595731  3.046803E-19
3.67787742365531  2.150125E-19
3.67804338773752  8.787701E-20
3.67820935181972  -1.363810E-19
3.67837531590193  9.328307E-20
3.67854127998414  2.043610E-19
3.67870724406635  -1.377464E-19
3.67887320814856  -1.416892E-19
3.67903917223077  -9.132187E-20
3.67920513631298  5.286154E-21
3.67937110039519  -1.460392E-19
3.6795370644774  -3.963577E-20
3.67970302855961  -1.057924E-19
3.67986899264181  -1.982897E-20
3.68003495672402  4.367079E-20
3.68020092080623  4.755486E-19
3.68036688488844  -4.452254E-20
3.68053284897065  1.181375E-19
3.68069881305286  6.080210E-20
3.68086477713507  1.992092E-19
3.68103074121728  1.062104E-19
3.68119670529949  8.503711E-21
3.6813626693817  -1.627105E-19
3.6815286334639  -8.103939E-20
3.68169459754611  1.626300E-19
3.68186056162832  4.467319E-20
3.68202652571053  -2.692370E-19
3.68219248979274  -2.291992E-19
3.68235845387495  1.307333E-20
3.68252441795716  1.963375E-20
3.68269038203937  2.397416E-19
3.68285634612158  -8.306073E-20
3.68302231020379  -2.878041E-20
3.68318827428599  -2.399397E-19
3.6833542383682  2.668805E-19
3.68352020245041  1.260628E-19
3.68368616653262  -3.042827E-19
3.68385213061483  -2.495497E-19
3.68401809469704  1.072077E-20
3.68418405877925  1.298091E-19
3.68435002286146  2.162682E-20
3.68451598694367  -9.240088E-20
3.68468195102588  -1.795796E-19
3.68484791510808  -1.389913E-19
3.68501387919029  -6.733778E-20
3.6851798432725  1.047852E-19
3.68534580735471  2.139135E-19
3.68551177143692  2.757640E-19
3.68567773551913  8.396747E-20
3.68584369960134  -4.681445E-19
3.68600966368355  -2.214595E-19
3.68617562776576  -1.194847E-19
3.68634159184797  -2.510700E-19
3.68650755593018  4.627174E-20
3.68667352001238  -3.219745E-19
3.68683948409459  9.702688E-20
3.6870054481768  3.777218E-20
3.68717141225901  -2.077201E-19
3.68733737634122  1.290400E-19
3.68750334042343  1.019057E-19
3.68766930450564  -1.148861E-19
3.68783526858785  -2.952488E-19
3.68800123267006  1.349614E-19
3.68816719675226  -2.729004E-20
3.68833316083447  3.589640E-20
3.68849912491668  3.383702E-20
3.68866508899889  4.406253E-21
3.6888310530811  -2.637117E-19
3.68899701716331  2.828257E-20
3.68916298124552  2.397960E-19
3.68932894532773  4.272716E-20
3.68949490940994  1.028892E-19
3.68966087349215  -1.138607E-19
3.68982683757435  7.974114E-20
3.68999280165656  -1.658349E-19
3.69015876573877  -4.681969E-20
3.69032472982098  -2.292340E-19
3.69049069390319  -2.875999E-19
3.6906566579854  8.889801E-20
3.69082262206761  1.792002E-19
3.69098858614982  2.114599E-19
3.69115455023203  -1.395937E-19
3.69132051431424  2.241923E-20
3.69148647839645  5.376817E-20
3.69165244247865  1.122980E-19
3.69181840656086  1.082239E-19
3.69198437064307  -7.332731E-20
3.69215033472528  -1.398440E-20
3.69231629880749  -4.399105E-19
3.6924822628897  -2.046705E-19
3.69264822697191  -6.064473E-20
3.69281419105412  -2.813348E-19
3.69298015513633  -3.805220E-19
3.69314611921853  -2.323064E-19
3.69331208330074  1.235593E-19
3.69347804738295  1.442518E-19
3.69364401146516  -1.429747E-19
3.69380997554737  -1.322596E-19
3.69397593962958  2.851777E-19
3.69414190371179  2.155208E-19
3.694307867794  2.411237E-19
3.69447383187621  1.495872E-19
3.69463979595842  1.246773E-19
3.69480576004062  -1.317003E-19
3.69497172412283  -1.704618E-19
3.69513768820504  -1.114642E-19
3.69530365228725  -3.364615E-19
3.69546961636946  -2.800357E-19
3.69563558045167  -2.814500E-19
3.69580154453388  5.850044E-21
3.69596750861609  1.534981E-19
3.6961334726983  -1.285413E-19
3.69629943678051  -1.958698E-19
3.69646540086272  -1.208035E-19
3.69663136494492  1.690573E-19
3.69679732902713  5.500051E-20
3.69696329310934  3.478707E-19
3.69712925719155  2.932970E-19
3.69729522127376  9.982761E-20
3.69746118535597  9.734005E-20
3.69762714943818  -2.653654E-19
3.69779311352039  8.117465E-20
3.6979590776026  2.551188E-19
3.6981250416848  -1.369100E-19
3.69829100576701  5.902382E-19
3.69845696984922  1.174055E-19
3.69862293393143  1.059321E-19
3.69878889801364  -3.358119E-20
3.69895486209585  -5.207056E-19
3.69912082617806  1.836149E-19
3.69928679026027  -2.103322E-19
3.69945275434248  -2.875663E-19
3.69961871842469  -2.048917E-19
3.69978468250689  -2.626356E-19
3.6999506465891  1.986713E-20
3.70011661067131  -2.802575E-19
3.70028257475352  -1.224364E-19
3.70044853883573  -1.681002E-19
3.70061450291794  1.175562E-19
3.70078046700015  -1.759756E-19
3.70094643108236  -4.029677E-20
3.70111239516457  -8.064965E-20
3.70127835924678  4.421570E-20
3.70144432332899  -1.998460E-19
3.70161028741119  2.022198E-19
3.7017762514934  -7.584102E-20
3.70194221557561  2.380316E-20
3.70210817965782  2.871321E-20
3.70227414374003  8.533889E-21
3.70244010782224  1.854667E-19
3.70260607190445  3.575020E-19
3.70277203598666  -1.416802E-19
3.70293800006887  -2.427305E-19
3.70310396415107  1.342598E-19
3.70326992823328  1.078232E-19
3.70343589231549  2.115710E-19
3.7036018563977  1.321776E-19
3.70376782047991  2.413489E-19
3.70393378456212  -2.025662E-20
3.70409974864433  -1.083067E-19
3.70426571272654  -5.652004E-21
3.70443167680875  -6.421697E-20
3.70459764089096  -1.924112E-19
3.70476360497316  1.476521E-20
3.70492956905537  -5.600390E-20
3.70509553313758  -1.028314E-19
3.70526149721979  -1.192502E-19
3.705427461302  -1.629792E-19
3.70559342538421  7.223354E-20
3.70575938946642  -1.337974E-20
3.70592535354863  -4.698507E-20
3.70609131763084  -2.625284E-20
3.70625728171305  9.527777E-20
3.70642324579526  2.272045E-19
3.70658920987746  6.700469E-20
3.70675517395967  2.355511E-21
3.70692113804188  -2.162933E-19
3.70708710212409  2.211740E-19
3.7072530662063  1.677359E-20
3.70741903028851  2.383712E-19
3.70758499437072  1.688940E-19
3.70775095845293  3.422292E-19
3.70791692253514  2.631793E-20
3.70808288661734  -3.318368E-19
3.70824885069955  -2.172374E-19
3.70841481478176  -2.204096E-20
3.70858077886397  2.336794E-19
3.70874674294618  8.739825E-20
3.70891270702839  -1.196402E-19
3.7090786711106  -1.312739E-19
3.70924463519281  9.515721E-20
3.70941059927502  1.902103E-19
3.70957656335723  -8.741588E-20
3.70974252743943  -1.411301E-19
3.70990849152164  -1.543177E-19
3.71007445560385  4.718339E-20
3.71024041968606  7.145984E-20
3.71040638376827  -9.465695E-20
3.71057234785048  -2.536540E-19
3.71073831193269  1.170659E-20
3.7109042760149  -9.385730E-20
3.71107024009711  -1.780566E-20
3.71123620417932  -8.589704E-20
3.71140216826153  4.983805E-20
3.71156813234373  -4.331143E-20
3.71173409642594  -2.900688E-21
3.71190006050815  -2.358562E-20
3.71206602459036  2.431408E-19
3.71223198867257  6.575981E-20
3.71239795275478  -1.211161E-19
3.71256391683699  8.367250E-20
3.7127298809192  2.308758E-20
3.71289584500141  -3.633685E-19
3.71306180908361  2.176091E-19
3.71322777316582  3.273492E-20
3.71339373724803  8.481637E-21
3.71355970133024  -1.058587E-19
3.71372566541245  -1.478179E-19
3.71389162949466  -1.618080E-19
3.71405759357687  -7.710054E-21
3.71422355765908  -1.602779E-19
3.71438952174129  -1.359727E-19
3.7145554858235  7.940798E-20
3.7147214499057  5.507228E-20
3.71488741398791  -5.530052E-20
3.71505337807012  -5.509436E-22
3.71521934215233  1.827970E-19
3.71538530623454  -6.943235E-20
3.71555127031675  1.762314E-19
3.71571723439896  -9.430222E-20
3.71588319848117  3.009192E-20
3.71604916256338  7.237846E-20
3.71621512664559  8.774221E-20
3.7163810907278  -7.452268E-20
3.71654705481  -3.742464E-19
3.71671301889221  -5.053090E-20
3.71687898297442  -4.754530E-20
3.71704494705663  3.175569E-21
3.71721091113884  -2.082536E-19
3.71737687522105  -4.360526E-21
3.71754283930326  1.446984E-19
3.71770880338547  -3.495006E-20
3.71787476746768  1.705279E-19
3.71804073154988  -7.313179E-20
3.71820669563209  -1.983036E-19
3.7183726597143  2.591689E-19
3.71853862379651  2.657047E-20
3.71870458787872  1.965021E-19
3.71887055196093  -5.314054E-20
3.71903651604314  1.679326E-19
3.71920248012535  7.089662E-20
3.71936844420756  -1.437388E-20
3.71953440828977  7.411235E-20
3.71970037237197  -1.810492E-19
3.71986633645418  2.515798E-19
3.72003230053639  -1.168281E-19
3.7201982646186  2.814409E-19
3.72036422870081  3.600434E-20
3.72053019278302  -1.780738E-20
3.72069615686523  2.087600E-20
3.72086212094744  9.852546E-20
3.72102808502965  -7.488193E-22
3.72119404911186  7.068319E-20
3.72136001319407  1.123016E-19
3.72152597727627  6.802220E-20
3.72169194135848  2.123795E-20
3.72185790544069  -2.152380E-20
3.7220238695229  -1.547603E-19
3.72218983360511  5.448086E-20
3.72235579768732  -2.914628E-20
3.72252176176953  -3.542275E-20
3.72268772585174  -2.423703E-20
3.72285368993395  4.963441E-20
3.72301965401615  7.143652E-22
3.72318561809836  -8.397911E-20
3.72335158218057  9.177592E-20
3.72351754626278  6.090992E-20
3.72368351034499  -4.939352E-20
3.7238494744272  3.776126E-20
3.72401543850941  2.360596E-19
3.72418140259162  -1.809983E-20
3.72434736667383  8.927841E-20
3.72451333075604  -2.568397E-19
3.72467929483824  -1.931332E-19
3.72484525892045  2.609982E-19
3.72501122300266  7.724150E-21
3.72517718708487  -9.981114E-20
3.72534315116708  1.434951E-19
3.72550911524929  5.890541E-20
3.7256750793315  4.029758E-19
3.72584104341371  1.820348E-19
3.72600700749592  -8.715308E-20
3.72617297157813  -1.458175E-19
3.72633893566034  8.526505E-19
3.72650489974254  1.295451E-19
3.72667086382475  -1.226482E-19
3.72683682790696  -4.923125E-20
3.72700279198917  -2.691373E-19
3.72716875607138  -8.074374E-20
3.72733472015359  1.957239E-19
3.7275006842358  -2.429242E-19
3.72766664831801  1.069404E-19
3.72783261240022  -2.180502E-20
3.72799857648242  3.154567E-19
3.72816454056463  2.136428E-19
3.72833050464684  -1.568586E-19
3.72849646872905  2.244756E-19
3.72866243281126  -7.806857E-20
3.72882839689347  8.559734E-21
3.72899436097568  -6.132618E-21
3.72916032505789  1.755365E-19
3.7293262891401  1.739443E-19
3.72949225322231  -1.357450E-19
3.72965821730451  2.982257E-20
3.72982418138672  -1.266794E-19
3.72999014546893  1.474081E-21
3.73015610955114  2.727171E-19
3.73032207363335  1.449901E-19
3.73048803771556  4.506500E-20
3.73065400179777  -1.514635E-19
3.73081996587998  3.353483E-20
3.73098592996219  1.280108E-19
3.7311518940444  6.766874E-20
3.7313178581266  2.655670E-20
3.73148382220881  -2.285766E-20
3.73164978629102  -1.346737E-20
3.73181575037323  1.259396E-19
3.73198171445544  1.110805E-19
3.73214767853765  -3.182235E-19
3.73231364261986  8.642459E-20
3.73247960670207  -6.324574E-21
3.73264557078428  6.588512E-21
3.73281153486649  2.265756E-19
3.73297749894869  7.370421E-20
3.7331434630309  1.400786E-19
3.73330942711311  2.582316E-19
3.73347539119532  7.684438E-20
3.73364135527753  2.817223E-20
3.73380731935974  -2.206717E-19
3.73397328344195  -5.648475E-20
3.73413924752416  5.130480E-20
3.73430521160637  -3.250979E-20
3.73447117568858  -9.237288E-20
3.73463713977078  -2.033608E-19
3.73480310385299  -1.092318E-19
3.7349690679352  -5.080158E-20
3.73513503201741  3.661268E-20
3.73530099609962  -5.016518E-20
3.73546696018183  -3.848750E-20
3.73563292426404  3.854455E-20
3.73579888834625  1.141992E-20
3.73596485242846  -5.544421E-20
3.73613081651067  1.317606E-19
3.73629678059287  -6.259087E-21
3.73646274467508  5.982785E-20
3.73662870875729  -1.160887E-19
3.7367946728395  2.750574E-19
3.73696063692171  1.966657E-19
3.73712660100392  -2.051410E-20
3.73729256508613  -3.052778E-20
3.73745852916834  -5.972326E-20
3.73762449325055  1.754313E-19
3.73779045733276  3.980461E-20
3.73795642141496  -5.780003E-20
3.73812238549717  5.868189E-20
3.73828834957938  3.256204E-20
3.73845431366159  -2.234740E-20
3.7386202777438  1.676622E-19
3.73878624182601  1.267353E-19
3.73895220590822  1.916247E-19
3.73911816999043  1.232114E-19
3.73928413407264  9.050130E-20
3.73945009815485  1.144657E-19
3.73961606223705  -2.366893E-19
3.73978202631926  8.665134E-20
3.73994799040147  1.088044E-19
3.74011395448368  -7.646972E-22
3.74027991856589  5.853135E-20
3.7404458826481  5.357568E-20
3.74061184673031  -1.015454E-19
3.74077781081252  3.626092E-20
3.74094377489473  2.584179E-19
3.74110973897694  1.044220E-19
3.74127570305914  -1.931959E-19
3.74144166714135  1.381396E-20
3.74160763122356  -3.307150E-19
3.74177359530577  1.009068E-20
3.74193955938798  -7.545560E-20
3.74210552347019  9.838540E-20
3.7422714875524  2.960915E-20
3.74243745163461  -1.088359E-19
3.74260341571682  -4.929695E-20
3.74276937979903  -6.111467E-20
3.74293534388123  2.844006E-19
3.74310130796344  4.124886E-20
3.74326727204565  -2.461873E-20
3.74343323612786  2.663217E-19
3.74359920021007  -1.843022E-19
3.74376516429228  1.460603E-19
3.74393112837449  -2.849417E-21
3.7440970924567  -1.958742E-19
3.74426305653891  2.315339E-20
3.74442902062112  5.953498E-20
3.74459498470332  -1.528076E-19
3.74476094878553  7.495047E-20
3.74492691286774  -3.201976E-21
3.74509287694995  5.887296E-20
3.74525884103216  -2.000602E-20
3.74542480511437  -1.217294E-19
3.74559076919658  1.116636E-19
3.74575673327879  -6.422461E-22
3.745922697361  -9.882678E-20
3.74608866144321  1.831013E-19
3.74625462552541  -1.314609E-19
3.74642058960762  -3.416046E-19
3.74658655368983  4.474134E-20
3.74675251777204  1.230783E-19
3.74691848185425  -9.341508E-20
3.74708444593646  -1.171423E-19
3.74725041001867  8.110456E-20
3.74741637410088  1.487532E-19
3.74758233818309  -2.647265E-19
3.7477483022653  7.412459E-20
3.7479142663475  1.577310E-20
3.74808023042971  1.197015E-19
3.74824619451192  -7.009801E-20
3.74841215859413  -1.096198E-19
3.74857812267634  9.079909E-20
3.74874408675855  6.097778E-20
3.74891005084076  1.665283E-19
3.74907601492297  -5.889029E-20
3.74924197900518  7.434407E-20
3.74940794308739  1.453045E-19
3.74957390716959  8.414241E-21
3.7497398712518  2.727539E-19
3.74990583533401  -2.946145E-20
3.75007179941622  3.387443E-20
3.75023776349843  1.221570E-19
3.75040372758064  5.324749E-20
3.75056969166285  1.117951E-19
3.75073565574506  9.628911E-20
3.75090161982727  7.781280E-20
3.75106758390948  5.101288E-20
3.75123354799168  -7.427851E-20
3.75139951207389  5.222984E-20
3.7515654761561  6.447716E-20
3.75173144023831  1.447766E-19
3.75189740432052  -9.992769E-20
3.75206336840273  -1.268955E-19
3.75222933248494  4.282286E-20
3.75239529656715  -4.540729E-20
3.75256126064936  -1.743727E-19
3.75272722473157  -1.544562E-19
3.75289318881377  -1.044342E-19
3.75305915289598  1.303877E-20
3.75322511697819  -1.044432E-19
3.7533910810604  -2.378898E-20
3.75355704514261  6.025853E-20
3.75372300922482  6.627657E-21
3.75388897330703  4.448767E-20
3.75405493738924  1.668503E-19
3.75422090147145  -9.122183E-20
3.75438686555366  -4.890371E-20
3.75455282963586  7.994308E-20
3.75471879371807  6.360952E-20
3.75488475780028  6.730508E-20
3.75505072188249  1.010128E-19
3.7552166859647  -1.458833E-19
3.75538265004691  8.786160E-20
3.75554861412912  1.265492E-19
3.75571457821133  4.459138E-20
3.75588054229354  -6.716087E-20
3.75604650637575  1.364918E-19
3.75621247045795  -1.878581E-19
3.75637843454016  -1.081116E-19
3.75654439862237  4.464390E-20
3.75671036270458  3.656923E-20
3.75687632678679  -5.094114E-20
3.757042290869  -1.860418E-19
3.75720825495121  1.931875E-20
3.75737421903342  9.252369E-20
3.75754018311563  -7.638457E-20
3.75770614719784  3.010474E-20
3.75787211128004  1.017453E-20
3.75803807536225  2.882101E-20
3.75820403944446  1.283572E-19
3.75837000352667  1.026885E-19
3.75853596760888  -7.813326E-22
3.75870193169109  -1.011139E-19
3.7588678957733  -1.300030E-19
3.75903385985551  2.272343E-19
3.75919982393772  -2.026354E-19
3.75936578801993  3.285576E-20
3.75953175210213  -1.803318E-20
3.75969771618434  -1.757076E-19
3.75986368026655  -4.642970E-20
3.76002964434876  -3.758302E-20
3.76019560843097  2.030279E-20
3.76036157251318  8.131835E-20
3.76052753659539  1.198002E-21
3.7606935006776  -8.594812E-20
3.76085946475981  1.157547E-21
3.76102542884202  1.561787E-20
3.76119139292422  3.123266E-20
3.76135735700643  4.362549E-21
3.76152332108864  -6.365694E-20
3.76168928517085  1.495950E-19
3.76185524925306  1.339784E-19
3.76202121333527  7.298382E-20
3.76218717741748  -1.908401E-20
3.76235314149969  4.759902E-20
3.7625191055819  -5.236946E-20
3.76268506966411  3.281588E-20
3.76285103374631  1.813318E-19
3.76301699782852  1.053810E-19
3.76318296191073  8.411604E-20
3.76334892599294  -2.302387E-19
3.76351489007515  -1.818409E-19
3.76368085415736  2.875649E-19
3.76384681823957  -5.886748E-21
3.76401278232178  9.018996E-20
3.76417874640399  -1.474522E-19
3.7643447104862  5.472128E-20
3.7645106745684  6.785825E-21
3.76467663865061  2.194739E-19
3.76484260273282  -5.470767E-20
3.76500856681503  -1.248270E-19
3.76517453089724  -1.869387E-19
3.76534049497945  1.717283E-19
3.76550645906166  1.207896E-19
3.76567242314387  1.167219E-19
3.76583838722608  2.906369E-19
3.76600435130829  9.237291E-20
3.76617031539049  -5.407629E-20
3.7663362794727  -3.510227E-20
3.76650224355491  1.760972E-19
3.76666820763712  1.996427E-19
3.76683417171933  2.593361E-19
3.76700013580154  2.309881E-20
3.76716609988375  1.421905E-20
3.76733206396596  4.736336E-20
3.76749802804817  -2.093220E-20
3.76766399213038  1.646452E-19
3.76782995621258  -4.267801E-19
3.76799592029479  3.014711E-20
3.768161884377  -2.269846E-19
3.76832784845921  2.137449E-19
3.76849381254142  -6.973756E-20
3.76865977662363  2.096772E-19
3.76882574070584  -2.972982E-20
3.76899170478805  6.118923E-20
3.76915766887026  -3.621277E-20
3.76932363295247  -2.322930E-20
3.76948959703467  -2.062918E-19
3.76965556111688  -2.879058E-19
3.76982152519909  -1.647742E-19
3.7699874892813  1.300465E-19
3.77015345336351  -9.900516E-20
3.77031941744572  -1.081843E-19
3.77048538152793  2.084836E-19
3.77065134561014  -2.367520E-19
3.77081730969235  -7.946837E-20
3.77098327377456  1.917025E-20
3.77114923785676  2.749226E-20
3.77131520193897  1.854884E-19
3.77148116602118  1.029861E-19
3.77164713010339  -4.157567E-20
3.7718130941856  -1.014526E-19
3.77197905826781  -1.292460E-19
3.77214502235002  -2.566447E-19
3.77231098643223  3.843070E-20
3.77247695051444  -5.080903E-20
3.77264291459665  -1.424160E-19
3.77280887867885  -1.024257E-21
3.77297484276106  5.442139E-21
3.77314080684327  -3.844768E-20
3.77330677092548  1.408660E-19
3.77347273500769  -9.001217E-20
3.7736386990899  8.854066E-20
3.77380466317211  1.243244E-19
3.77397062725432  1.013851E-19
3.77413659133653  1.542400E-19
3.77430255541874  -4.351794E-20
3.77446851950094  -6.696003E-21
3.77463448358315  -1.036584E-19
3.77480044766536  -7.657298E-20
3.77496641174757  -6.216822E-20
3.77513237582978  1.445117E-19
3.77529833991199  2.063893E-19
3.7754643039942  -1.050110E-19
3.77563026807641  1.798940E-19
3.77579623215862  -1.751859E-19
3.77596219624083  -1.493382E-20
3.77612816032303  6.134298E-20
3.77629412440524  -2.216337E-20
3.77646008848745  -9.624782E-20
3.77662605256966  -1.117305E-20
3.77679201665187  -1.200721E-19
3.77695798073408  -1.105750E-19
3.77712394481629  -1.168033E-19
3.7772899088985  3.023351E-20
3.77745587298071  5.623174E-20
3.77762183706292  -1.184138E-19
3.77778780114512  -4.679710E-20
3.77795376522733  1.150967E-19
3.77811972930954  1.495640E-19
3.77828569339175  1.719205E-19
3.77845165747396  -7.241032E-20
3.77861762155617  8.653531E-20
3.77878358563838  2.777490E-20
3.77894954972059  2.484817E-20
3.7791155138028  -4.423093E-20
3.77928147788501  -5.016258E-20
3.77944744196722  8.204494E-20
3.77961340604942  -1.954438E-19
3.77977937013163  1.227654E-20
3.77994533421384  -6.803933E-20
3.78011129829605  9.894663E-20
3.78027726237826  2.992078E-19
3.78044322646047  -6.592978E-20
3.78060919054268  -9.928113E-20
3.78077515462489  -1.270101E-19
3.7809411187071  -9.391405E-21
3.7811070827893  -5.006341E-20
3.78127304687151  1.335805E-20
3.78143901095372  -1.782439E-21
3.78160497503593  1.807941E-19
3.78177093911814  -7.794372E-20
3.78193690320035  1.285651E-19
3.78210286728256  1.716300E-20
3.78226883136477  7.344794E-20
3.78243479544698  -1.597353E-19
3.78260075952919  1.220048E-19
3.78276672361139  -3.735385E-21
3.7829326876936  4.386985E-20
3.78309865177581  -7.487550E-20
3.78326461585802  -7.600451E-20
3.78343057994023  5.494774E-20
3.78359654402244  4.015726E-20
3.78376250810465  -6.686609E-20
3.78392847218686  1.565487E-19
3.78409443626907  2.333995E-20
3.78426040035128  6.752717E-20
3.78442636443349  1.410412E-19
3.78459232851569  -1.145369E-20
3.7847582925979  -3.845756E-20
3.78492425668011  -9.523885E-20
3.78509022076232  2.159113E-19
3.78525618484453  2.701921E-20
3.78542214892674  6.068711E-20
3.78558811300895  -3.117190E-20
3.78575407709116  1.145908E-19
3.78592004117337  9.567557E-20
3.78608600525557  -2.332091E-19
3.78625196933778  1.301558E-19
3.78641793341999  2.055433E-20
3.7865838975022  1.498951E-19
3.78674986158441  5.400862E-20
3.78691582566662  2.070549E-19
3.78708178974883  1.203830E-19
3.78724775383104  -2.099758E-20
3.78741371791325  -1.596926E-19
3.78757968199546  7.574907E-20
3.78774564607766  -4.098472E-20
3.78791161015987  4.478965E-21
3.78807757424208  1.158776E-19
3.78824353832429  -3.303177E-20
3.7884095024065  1.571426E-19
3.78857546648871  7.100654E-20
3.78874143057092  3.072104E-20
3.78890739465313  6.688138E-20
3.78907335873534  2.790323E-20
3.78923932281755  6.325555E-20
3.78940528689976  1.299728E-19
3.78957125098196  -1.286946E-19
3.78973721506417  -6.395024E-20
3.78990317914638  -2.058705E-20
3.79006914322859  3.579066E-20
3.7902351073108  -4.190833E-20
3.79040107139301  7.760041E-21
3.79056703547522  4.503366E-20
3.79073299955743  2.168464E-20
3.79089896363964  1.082728E-20
3.79106492772184  8.388925E-20
3.79123089180405  6.457366E-20
3.79139685588626  -4.967009E-20
3.79156281996847  3.541067E-20
3.79172878405068  8.040434E-21
3.79189474813289  6.807587E-21
3.7920607122151  3.042596E-20
3.79222667629731  -6.047517E-20
3.79239264037952  1.373562E-19
3.79255860446173  2.230380E-19
3.79272456854393  1.500614E-19
3.79289053262614  2.236484E-19
3.79305649670835  -5.289981E-20
3.79322246079056  -9.532041E-20
3.79338842487277  7.242887E-20
3.79355438895498  -3.500528E-20
3.79372035303719  2.449768E-19
3.7938863171194  3.508285E-20
3.79405228120161  4.927030E-20
3.79421824528382  6.099341E-20
3.79438420936603  -2.014884E-21
3.79455017344823  4.220869E-20
3.79471613753044  9.875370E-20
3.79488210161265  2.094635E-19
3.79504806569486  -9.132999E-20
3.79521402977707  -1.488961E-20
3.79537999385928  -5.880136E-21
3.79554595794149  9.049784E-20
3.7957119220237  7.486054E-20
3.79587788610591  1.928081E-20
3.79604385018811  -3.196424E-20
3.79620981427032  3.838847E-21
3.79637577835253  -2.866604E-20
3.79654174243474  1.440322E-19
3.79670770651695  5.255588E-20
3.79687367059916  -1.187663E-20
3.79703963468137  -4.209132E-20
3.79720559876358  8.503337E-20
3.79737156284579  -3.895389E-20
3.797537526928  -5.833678E-20
3.7977034910102  2.512496E-20
3.79786945509241  7.109405E-20
3.79803541917462  -7.342965E-20
3.79820138325683  1.047140E-19
3.79836734733904  -2.078144E-20
3.79853331142125  1.932810E-19
3.79869927550346  -4.877894E-20
3.79886523958567  -1.948200E-19
3.79903120366788  7.230746E-20
3.79919716775009  -6.156895E-20
3.7993631318323  -1.055875E-19
3.7995290959145  2.059597E-19
3.79969505999671  5.687622E-20
3.79986102407892  1.135264E-19
3.80002698816113  7.140072E-20
3.80019295224334  -1.518224E-20
3.80035891632555  -1.564162E-19
3.80052488040776  -4.973590E-21
3.80069084448997  3.240359E-20
3.80085680857218  5.177556E-20
3.80102277265438  -4.375764E-20
3.80118873673659  1.587264E-19
3.8013547008188  -5.140734E-20
3.80152066490101  1.321870E-19
3.80168662898322  8.785144E-20
3.80185259306543  4.378914E-20
3.80201855714764  -7.865688E-20
3.80218452122985  -1.261655E-20
3.80235048531206  1.594369E-19
3.80251644939427  6.192141E-20
3.80268241347647  -1.364355E-19
3.80284837755868  -4.562649E-21
3.80301434164089  4.247343E-20
3.8031803057231  2.646942E-19
3.80334626980531  -1.269695E-19
3.80351223388752  3.444667E-20
3.80367819796973  -8.966386E-20
3.80384416205194  -2.000079E-19
3.80401012613415  -1.273354E-19
3.80417609021636  6.965200E-21
3.80434205429857  1.169784E-19
3.80450801838077  -1.038164E-19
3.80467398246298  4.409655E-20
3.80483994654519  7.404181E-20
3.8050059106274  1.128451E-19
3.80517187470961  -2.020625E-19
3.80533783879182  -1.815462E-21
3.80550380287403  -7.404804E-20
3.80566976695624  1.404563E-19
3.80583573103845  -4.530256E-21
3.80600169512065  -9.883073E-20
3.80616765920286  -2.710315E-20
3.80633362328507  -2.379907E-20
3.80649958736728  1.403178E-19
3.80666555144949  9.762450E-20
3.8068315155317  -1.239723E-19
3.80699747961391  -8.121148E-20
3.80716344369612  -1.564721E-19
3.80732940777833  1.951995E-19
3.80749537186054  4.428351E-21
3.80766133594274  2.196965E-19
3.80782730002495  5.732206E-20
3.80799326410716  9.444943E-20
3.80815922818937  6.963878E-20
3.80832519227158  -2.177793E-19
3.80849115635379  -1.685026E-19
3.808657120436  5.232291E-20
3.80882308451821  1.128872E-19
3.80898904860042  4.843124E-20
3.80915501268263  -6.005572E-20
3.80932097676484  1.897531E-19
3.80948694084704  8.722267E-20
3.80965290492925  -2.064166E-20
3.80981886901146  -1.034028E-19
3.80998483309367  -1.007158E-19
3.81015079717588  1.475156E-19
3.81031676125809  1.231443E-19
3.8104827253403  -1.269115E-19
3.81064868942251  -1.000045E-21
3.81081465350472  -1.454648E-19
3.81098061758692  1.452907E-19
3.81114658166913  1.108242E-19
3.81131254575134  6.633204E-20
3.81147850983355  -5.669659E-20
3.81164447391576  -3.054760E-20
3.81181043799797  2.390778E-19
3.81197640208018  1.108474E-19
3.81214236616239  1.121325E-19
3.8123083302446  6.057728E-20
3.81247429432681  8.862119E-20
3.81264025840901  -2.546162E-19
3.81280622249122  4.165773E-20
3.81297218657343  3.897472E-21
3.81313815065564  -1.586428E-20
3.81330411473785  8.271886E-20
3.81347007882006  -1.057249E-19
3.81363604290227  -8.955229E-20
3.81380200698448  -2.128077E-20
3.81396797106669  -1.046148E-19
3.8141339351489  4.567185E-20
3.81429989923111  -6.831338E-20
3.81446586331331  6.066675E-20
3.81463182739552  8.152978E-21
3.81479779147773  4.341174E-20
3.81496375555994  -4.920248E-20
3.81512971964215  9.775723E-20
3.81529568372436  -1.537754E-19
3.81546164780657  -1.676372E-20
3.81562761188878  1.887237E-20
3.81579357597099  2.040511E-19
3.81595954005319  1.036854E-19
3.8161255041354  -1.262834E-19
3.81629146821761  -9.513354E-20
3.81645743229982  -6.047052E-20
3.81662339638203  1.579174E-20
3.81678936046424  2.428758E-19
3.81695532454645  -1.742940E-19
3.81712128862866  6.118680E-20
3.81728725271087  -2.507574E-19
3.81745321679308  -6.231022E-20
3.81761918087528  3.692063E-20
3.81778514495749  9.660534E-20
3.8179511090397  4.919460E-20
3.81811707312191  4.339932E-20
3.81828303720412  5.043270E-20
3.81844900128633  8.722015E-20
3.81861496536854  1.817177E-19
3.81878092945075  1.471730E-19
3.81894689353296  -4.200090E-20
3.81911285761517  1.328032E-20
3.81927882169738  -7.482162E-20
3.81944478577958  -1.574824E-20
3.81961074986179  4.873249E-20
3.819776713944  1.830705E-19
3.81994267802621  9.663465E-20
3.82010864210842  2.514786E-20
3.82027460619063  1.087366E-19
3.82044057027284  -3.918922E-20
3.82060653435505  1.424624E-19
3.82077249843726  -5.163030E-20
3.82093846251946  -1.022148E-19
3.82110442660167  4.479409E-20
3.82127039068388  -6.721018E-20
3.82143635476609  -1.331939E-20
3.8216023188483  -7.674380E-20
3.82176828293051  4.411555E-20
3.82193424701272  1.193502E-19
3.82210021109493  1.065841E-19
3.82226617517714  9.919310E-22
3.82243213925935  -7.311252E-20
3.82259810334156  1.455894E-19
3.82276406742376  8.875461E-21
3.82293003150597  2.949890E-21
3.82309599558818  1.407565E-20
3.82326195967039  5.143607E-20
3.8234279237526  -6.919137E-20
3.82359388783481  8.748555E-20
3.82375985191702  1.619817E-19
3.82392581599923  -3.691137E-20
3.82409178008144  -1.089967E-19
3.82425774416365  -4.723298E-20
3.82442370824585  -2.323492E-20
3.82458967232806  7.302262E-20
3.82475563641027  6.848106E-20
3.82492160049248  -6.310001E-21
3.82508756457469  -2.696169E-20
3.8252535286569  -7.711663E-20
3.82541949273911  9.995172E-20
3.82558545682132  9.714655E-20
3.82575142090353  -9.741997E-20
3.82591738498573  4.395058E-20
3.82608334906794  1.228537E-19
3.82624931315015  9.679591E-20
3.82641527723236  -1.547925E-20
3.82658124131457  -1.406589E-19
3.82674720539678  4.667056E-20
3.82691316947899  1.494759E-19
3.8270791335612  -3.903327E-20
3.82724509764341  -3.892377E-20
3.82741106172562  4.530629E-20
3.82757702580783  -5.931062E-20
3.82774298989003  1.375903E-19
3.82790895397224  5.283825E-20
3.82807491805445  1.791685E-19
3.82824088213666  1.485616E-19
3.82840684621887  -5.409057E-20
3.82857281030108  1.452334E-19
3.82873877438329  -8.046823E-20
3.8289047384655  4.524710E-20
3.82907070254771  -8.211082E-20
3.82923666662992  -2.690252E-20
3.82940263071212  5.761299E-20
3.82956859479433  -2.172696E-19
3.82973455887654  -1.175917E-19
3.82990052295875  1.815113E-19
3.83006648704096  1.699884E-19
3.83023245112317  -2.224921E-21
3.83039841520538  5.497554E-20
3.83056437928759  -8.468450E-20
3.8307303433698  1.957317E-19
3.830896307452  2.739391E-20
3.83106227153421  -3.375487E-20
3.83122823561642  -1.087895E-20
3.83139419969863  1.020551E-20
3.83156016378084  -5.014475E-20
3.83172612786305  7.037333E-20
3.83189209194526  9.546787E-21
3.83205805602747  2.022702E-20
3.83222402010968  -3.495867E-20
3.83238998419189  1.752610E-19
3.8325559482741  -6.411198E-21
3.8327219123563  -2.232538E-20
3.83288787643851  9.489073E-20
3.83305384052072  1.422527E-20
3.83321980460293  -8.856402E-21
3.83338576868514  1.485044E-19
3.83355173276735  -7.045029E-20
3.83371769684956  5.571304E-20
3.83388366093177  -5.264620E-20
3.83404962501398  -1.529412E-20
3.83421558909618  1.387905E-19
3.83438155317839  3.163799E-19
3.8345475172606  9.607334E-20
3.83471348134281  -1.029027E-19
3.83487944542502  9.076507E-20
3.83504540950723  7.569548E-20
3.83521137358944  4.450336E-20
3.83537733767165  7.643825E-20
3.83554330175386  3.983576E-20
3.83570926583607  8.032322E-20
3.83587522991827  6.076615E-20
3.83604119400048  9.265998E-20
3.83620715808269  7.125831E-20
3.8363731221649  2.590324E-20
3.83653908624711  -7.951582E-20
3.83670505032932  -1.647898E-19
3.83687101441153  -1.024765E-19
3.83703697849374  -4.308671E-20
3.83720294257595  1.233002E-19
3.83736890665816  2.932172E-20
3.83753487074037  -1.786293E-20
3.83770083482257  4.238197E-20
3.83786679890478  1.554382E-19
3.83803276298699  1.131330E-19
3.8381987270692  3.371655E-19
3.83836469115141  -1.044030E-19
3.83853065523362  1.303903E-19
3.83869661931583  4.232402E-20
3.83886258339804  1.539270E-19
3.83902854748025  5.487936E-20
3.83919451156245  2.830760E-19
3.83936047564466  -4.299067E-20
3.83952643972687  4.412505E-20
3.83969240380908  2.156098E-20
3.83985836789129  4.620981E-20
3.8400243319735  -2.367024E-20
3.84019029605571  9.284962E-20
3.84035626013792  -1.036922E-19
3.84052222422013  3.546801E-20
3.84068818830234  7.026617E-21
3.84085415238454  -3.092617E-20
3.84102011646675  1.263566E-19
3.84118608054896  6.701649E-20
3.84135204463117  3.008029E-20
3.84151800871338  -5.074344E-20
3.84168397279559  5.747300E-21
3.8418499368778  -1.277934E-20
3.84201590096001  -1.012061E-19
3.84218186504222  -2.054234E-19
3.84234782912443  -1.725930E-19
3.84251379320664  -1.686494E-20
3.84267975728884  -1.172544E-19
3.84284572137105  7.638850E-20
3.84301168545326  1.406689E-20
3.84317764953547  2.841461E-19
3.84334361361768  7.383598E-20
3.84350957769989  1.259283E-20
3.8436755417821  1.137996E-19
3.84384150586431  3.613824E-19
3.84400746994652  7.111181E-20
3.84417343402872  5.197965E-20
3.84433939811093  3.946089E-19
3.84450536219314  1.212069E-19
3.84467132627535  -6.414468E-20
3.84483729035756  1.613480E-21
3.84500325443977  2.724287E-20
3.84516921852198  1.582570E-19
3.84533518260419  5.214687E-20
3.8455011466864  9.000634E-21
3.84566711076861  -1.193569E-20
3.84583307485081  1.615637E-19
3.84599903893302  1.549889E-19
3.84616500301523  5.576543E-20
3.84633096709744  -6.986070E-20
3.84649693117965  -4.123627E-21
3.84666289526186  2.157350E-21
3.84682885934407  2.396771E-20
3.84699482342628  -2.384950E-20
3.84716078750849  3.131528E-20
3.8473267515907  -1.495813E-19
3.84749271567291  -6.650282E-20
3.84765867975511  6.516419E-20
3.84782464383732  2.866235E-19
3.84799060791953  -7.291001E-20
3.84815657200174  -1.804253E-20
3.84832253608395  -4.434659E-21
3.84848850016616  -1.462334E-20
3.84865446424837  -1.973856E-20
3.84882042833058  3.724943E-19
3.84898639241279  4.109383E-20
3.84915235649499  -6.441959E-20
3.8493183205772  4.192687E-20
3.84948428465941  8.066471E-20
3.84965024874162  8.937424E-20
3.84981621282383  2.528936E-19
3.84998217690604  1.881607E-20
3.85014814098825  1.343014E-19
3.85031410507046  -6.776931E-20
3.85048006915267  -4.447191E-20
3.85064603323488  2.301163E-20
3.85081199731708  6.469893E-21
3.85097796139929  1.819701E-20
3.8511439254815  -1.814906E-19
3.85130988956371  -2.228207E-23
3.85147585364592  3.953217E-20
3.85164181772813  1.076567E-19
3.85180778181034  1.638162E-19
3.85197374589255  5.852082E-20
3.85213970997476  8.483890E-20
3.85230567405697  -4.232171E-20
3.85247163813918  2.531809E-20
3.85263760222138  -1.712026E-20
3.85280356630359  6.492813E-20
3.8529695303858  2.657361E-20
3.85313549446801  5.665939E-20
3.85330145855022  2.308382E-18
3.85346742263243  4.568107E-19
3.85363338671464  3.226741E-19
3.85379935079685  2.944836E-19
3.85396531487906  2.655156E-19
3.85413127896126  7.130623E-19
3.85429724304347  6.027857E-19
3.85446320712568  9.663050E-20
3.85462917120789  1.805596E-19
3.8547951352901  2.031772E-19
3.85496109937231  5.826528E-19
3.85512706345452  -1.599364E-20
3.85529302753673  2.601414E-19
3.85545899161894  4.646734E-19
3.85562495570115  2.601865E-19
3.85579091978335  -3.799203E-20
3.85595688386556  4.049803E-19
3.85612284794777  5.629369E-20
3.85628881202998  6.216688E-20
3.85645477611219  1.083813E-19
3.8566207401944  8.302131E-20
3.85678670427661  -2.370225E-20
3.85695266835882  -9.696728E-20
3.85711863244103  -3.863503E-20
3.85728459652324  5.407053E-20
3.85745056060545  2.179216E-18
3.85761652468765  7.342789E-18
3.85778248876986  3.513818E-18
3.85794845285207  6.401303E-19
3.85811441693428  4.397844E-19
3.85828038101649  3.619763E-20
3.8584463450987  2.417741E-21
3.85861230918091  1.093215E-19
3.85877827326312  2.843252E-20
3.85894423734533  1.921827E-19
3.85911020142753  9.264930E-20
3.85927616550974  2.685423E-19
3.85944212959195  1.820921E-18
3.85960809367416  1.842711E-18
3.85977405775637  4.616897E-19
3.85994002183858  -5.996246E-20
3.86010598592079  1.695978E-19
3.860271950003  -5.174077E-20
3.86043791408521  -9.186996E-20
3.86060387816742  6.077452E-20
3.86076984224962  -5.291573E-20
3.86093580633183  1.992318E-20
3.86110177041404  6.265927E-20
3.86126773449625  9.341529E-19
3.86143369857846  2.577800E-19
3.86159966266067  1.695447E-19
3.86176562674288  -4.466940E-20
3.86193159082509  2.934777E-20
3.8620975549073  -6.322616E-20
3.86226351898951  1.693887E-19
3.86242948307172  1.872739E-19
3.86259544715392  -4.608033E-20
3.86276141123613  2.748089E-20
3.86292737531834  1.265533E-19
3.86309333940055  1.444994E-19
3.86325930348276  1.355244E-19
3.86342526756497  7.379747E-20
3.86359123164718  1.452329E-19
3.86375719572939  -4.810522E-20
3.8639231598116  1.699496E-20
3.8640891238938  6.886779E-21
3.86425508797601  1.513550E-22
3.86442105205822  8.186115E-20
3.86458701614043  3.016257E-20
3.86475298022264  8.583329E-20
3.86491894430485  2.424513E-21
3.86508490838706  6.005983E-19
3.86525087246927  4.524656E-19
3.86541683655148  4.808983E-20
3.86558280063369  1.825849E-19
3.86574876471589  9.208104E-19
3.8659147287981  1.290478E-19
3.86608069288031  -3.238205E-20
3.86624665696252  6.295513E-20
3.86641262104473  4.166940E-20
3.86657858512694  1.843879E-19
3.86674454920915  1.634285E-19
3.86691051329136  4.375135E-19
3.86707647737357  6.691931E-20
3.86724244145578  1.402739E-18
3.86740840553799  7.875314E-19
3.86757436962019  -9.327442E-20
3.8677403337024  1.641223E-19
3.86790629778461  3.597367E-19
3.86807226186682  -3.018555E-20
3.86823822594903  9.389814E-20
3.86840419003124  2.732006E-19
3.86857015411345  1.256092E-19
3.86873611819566  6.638349E-20
3.86890208227787  -2.865706E-20
3.86906804636007  4.015202E-19
3.86923401044228  3.292831E-19
3.86939997452449  2.303225E-19
3.8695659386067  -7.120616E-20
3.86973190268891  4.233738E-20
3.86989786677112  2.379625E-20
3.87006383085333  1.182886E-19
3.87022979493554  1.128336E-19
3.87039575901775  -4.165329E-20
3.87056172309996  1.361022E-19
3.87072768718216  1.247631E-19
3.87089365126437  2.939517E-19
3.87105961534658  1.094430E-19
3.87122557942879  -4.405564E-20
3.871391543511  -6.653038E-20
3.87155750759321  9.376620E-20
3.87172347167542  1.040322E-19
3.87188943575763  1.217416E-19
3.87205539983984  2.401921E-20
3.87222136392205  7.627712E-20
3.87238732800425  -6.034633E-20
3.87255329208646  9.225629E-20
3.87271925616867  -1.743075E-20
3.87288522025088  8.126017E-21
3.87305118433309  -1.914143E-20
3.8732171484153  2.037745E-20
3.87338311249751  5.148031E-20
3.87354907657972  -1.128911E-19
3.87371504066193  -6.395749E-22
3.87388100474414  -1.068172E-20
3.87404696882634  -2.037893E-19
3.87421293290855  9.744160E-20
3.87437889699076  -2.098284E-20
3.87454486107297  8.481560E-20
3.87471082515518  1.515416E-19
3.87487678923739  -1.390437E-19
3.8750427533196  1.075672E-19
3.87520871740181  3.511853E-20
3.87537468148402  1.037382E-19
3.87554064556623  -1.709760E-20
3.87570660964843  6.683881E-20
3.87587257373064  -6.222360E-20
3.87603853781285  1.257796E-19
3.87620450189506  9.292034E-19
3.87637046597727  3.635361E-19
3.87653643005948  3.142072E-18
3.87670239414169  2.017502E-18
3.8768683582239  4.479682E-19
3.87703432230611  9.852369E-20
3.87720028638832  6.874599E-20
3.87736625047052  2.076116E-19
3.87753221455273  4.519217E-19
3.87769817863494  3.518247E-19
3.87786414271715  3.885101E-19
3.87803010679936  4.540908E-19
3.87819607088157  8.121567E-19
3.87836203496378  3.387440E-18
3.87852799904599  9.268487E-20
3.8786939631282  9.831798E-21
3.87885992721041  9.794486E-20
3.87902589129261  4.130698E-18
3.87919185537482  4.585727E-18
3.87935781945703  4.604654E-18
3.87952378353924  5.446895E-18
3.87968974762145  9.172866E-18
3.87985571170366  8.532674E-18
3.88002167578587  1.073842E-18
3.88018763986808  3.836940E-20
3.88035360395029  1.400953E-19
3.8805195680325  1.978667E-19
3.8806855321147  1.335544E-18
3.88085149619691  1.949650E-18
3.88101746027912  1.738550E-18
3.88118342436133  4.699338E-20
3.88134938844354  4.233335E-18
3.88151535252575  9.644685E-18
3.88168131660796  1.863725E-18
3.88184728069017  2.113930E-18
3.88201324477238  5.161032E-19
3.88217920885459  2.050950E-19
3.88234517293679  1.266058E-18
3.882511137019  1.567720E-18
3.88267710110121  1.074865E-18
3.88284306518342  3.705299E-18
3.88300902926563  8.168146E-18
3.88317499334784  3.661288E-18
3.88334095743005  4.804626E-18
3.88350692151226  7.179604E-18
3.88367288559447  4.062783E-18
3.88383884967668  7.259017E-19
3.88400481375888  7.029830E-19
3.88417077784109  1.227884E-18
3.8843367419233  2.124558E-18
3.88450270600551  1.107773E-18
3.88466867008772  5.677142E-19
3.88483463416993  3.942274E-19
3.88500059825214  1.111290E-20
3.88516656233435  4.511127E-19
3.88533252641656  6.791182E-18
3.88549849049877  1.251031E-18
3.88566445458097  8.464251E-18
3.88583041866318  1.196423E-17
3.88599638274539  2.825874E-18
3.8861623468276  1.025069E-19
3.88632831090981  9.024385E-21
3.88649427499202  4.448776E-19
3.88666023907423  4.832221E-18
3.88682620315644  1.934714E-18
3.88699216723865  5.661977E-18
3.88715813132086  5.788650E-18
3.88732409540307  2.864381E-19
3.88749005948527  1.755351E-18
3.88765602356748  3.731741E-18
3.88782198764969  2.902979E-18
3.8879879517319  1.595320E-18
3.88815391581411  2.097785E-18
3.88831987989632  1.007276E-18
3.88848584397853  1.216287E-19
3.88865180806074  -8.746899E-20
3.88881777214295  6.955843E-20
3.88898373622515  -4.502055E-20
3.88914970030736  7.497471E-20
3.88931566438957  2.655845E-19
3.88948162847178  4.094164E-19
3.88964759255399  5.936036E-19
3.8898135566362  4.058451E-20
3.88997952071841  5.573344E-19
3.89014548480062  3.038209E-19
3.89031144888283  4.736490E-20
3.89047741296504  4.794823E-20
3.89064337704724  1.431962E-18
3.89080934112945  6.757759E-19
3.89097530521166  4.314986E-18
3.89114126929387  3.643487E-18
3.89130723337608  6.069515E-18
3.89147319745829  9.895902E-18
3.8916391615405  1.061188E-17
3.89180512562271  3.283327E-18
3.89197108970492  8.206255E-19
3.89213705378713  1.820922E-19
3.89230301786934  1.183844E-19
3.89246898195154  -1.063678E-19
3.89263494603375  2.765519E-19
3.89280091011596  1.270458E-18
3.89296687419817  1.025260E-18
3.89313283828038  1.102365E-18
3.89329880236259  5.169586E-18
3.8934647664448  2.551678E-18
3.89363073052701  1.090398E-20
3.89379669460922  -4.708965E-20
3.89396265869142  5.035202E-20
3.89412862277363  3.585368E-20
3.89429458685584  -7.442560E-20
3.89446055093805  2.553248E-19
3.89462651502026  -3.530633E-20
3.89479247910247  4.549302E-20
3.89495844318468  3.096850E-19
3.89512440726689  8.347542E-20
3.8952903713491  3.613191E-20
3.89545633543131  4.837302E-20
3.89562229951351  2.016518E-19
3.89578826359572  1.695988E-19
3.89595422767793  1.074248E-19
3.89612019176014  -1.315452E-20
3.89628615584235  3.417640E-19
3.89645211992456  3.734458E-20
3.89661808400677  1.594831E-18
3.89678404808898  1.240290E-18
3.89695001217119  6.536986E-19
3.8971159762534  6.872093E-19
3.89728194033561  3.045918E-19
3.89744790441781  8.325005E-19
3.89761386850002  1.763926E-18
3.89777983258223  1.126050E-19
3.89794579666444  2.882560E-20
3.89811176074665  2.652970E-20
3.89827772482886  7.575414E-19
3.89844368891107  2.793094E-19
3.89860965299328  5.827854E-20
3.89877561707549  -2.395138E-19
3.8989415811577  -1.276284E-19
3.8991075452399  2.755776E-19
3.89927350932211  -1.265439E-20
3.89943947340432  1.217897E-18
3.89960543748653  1.244802E-19
3.89977140156874  2.568186E-18
3.89993736565095  2.766012E-18
3.90010332973316  1.333303E-19
3.90026929381537  2.048225E-19
3.90043525789758  3.211708E-19
3.90060122197978  1.204695E-18
3.90076718606199  2.524429E-18
3.9009331501442  1.966119E-19
3.90109911422641  6.480527E-19
3.90126507830862  7.059016E-20
3.90143104239083  2.413365E-18
3.90159700647304  2.251526E-19
3.90176297055525  4.107164E-20
3.90192893463746  -6.038740E-20
3.90209489871967  2.637211E-19
3.90226086280188  2.220527E-18
3.90242682688408  4.452686E-19
3.90259279096629  1.936955E-20
3.9027587550485  5.193770E-19
3.90292471913071  1.406317E-19
3.90309068321292  -5.537678E-20
3.90325664729513  2.195925E-19
3.90342261137734  1.409135E-18
3.90358857545955  2.674796E-18
3.90375453954176  7.889888E-18
3.90392050362397  1.837506E-19
3.90408646770617  1.873522E-18
3.90425243178838  1.526630E-18
3.90441839587059  1.454661E-19
3.9045843599528  7.242431E-19
3.90475032403501  7.388155E-19
3.90491628811722  1.140882E-19
3.90508225219943  1.242145E-19
3.90524821628164  4.548407E-19
3.90541418036385  -5.726417E-21
3.90558014444605  1.503579E-19
3.90574610852826  1.084925E-18
3.90591207261047  1.741620E-19
3.90607803669268  5.007855E-19
3.90624400077489  4.252320E-18
3.9064099648571  1.491273E-18
3.90657592893931  2.888815E-19
3.90674189302152  1.716225E-18
3.90690785710373  2.888434E-18
3.90707382118594  2.015269E-18
3.90723978526815  7.695861E-19
3.90740574935035  1.336033E-18
3.90757171343256  1.680748E-18
3.90773767751477  4.147551E-18
3.90790364159698  6.986818E-18
3.90806960567919  6.275418E-18
3.9082355697614  1.113643E-18
3.90840153384361  -5.010104E-20
3.90856749792582  2.331157E-19
3.90873346200803  -5.328502E-20
3.90889942609023  -1.458509E-19
3.90906539017244  9.670533E-19
3.90923135425465  6.946295E-19
3.90939731833686  4.427673E-21
3.90956328241907  1.684652E-20
3.90972924650128  -4.044504E-20
3.90989521058349  1.692308E-19
3.9100611746657  2.530416E-19
3.91022713874791  8.650872E-20
3.91039310283012  7.172101E-20
3.91055906691232  1.029601E-19
3.91072503099453  2.361109E-19
3.91089099507674  3.674296E-19
3.91105695915895  2.200646E-20
3.91122292324116  1.855144E-20
3.91138888732337  3.059421E-20
3.91155485140558  3.919740E-19
3.91172081548779  4.261677E-19
3.91188677957  1.536998E-19
3.91205274365221  1.411716E-19
3.91221870773442  2.751670E-20
3.91238467181662  1.128992E-18
3.91255063589883  3.068641E-18
3.91271659998104  2.931818E-18
3.91288256406325  3.699095E-19
3.91304852814546  5.250394E-19
3.91321449222767  -9.379651E-20
3.91338045630988  2.288858E-20
3.91354642039209  4.960567E-21
3.9137123844743  1.247683E-19
3.9138783485565  3.869756E-20
3.91404431263871  8.322772E-20
3.91421027672092  1.515619E-19
3.91437624080313  -8.604429E-20
3.91454220488534  -3.282170E-20
3.91470816896755  7.499881E-21
3.91487413304976  -7.136203E-21
3.91504009713197  -7.089179E-20
3.91520606121418  -7.624171E-20
3.91537202529639  5.010078E-20
3.91553798937859  -2.787284E-20
3.9157039534608  1.490762E-19
3.91586991754301  -4.611584E-20
3.91603588162522  -1.696667E-19
3.91620184570743  9.787039E-20
3.91636780978964  -1.042260E-19
3.91653377387185  1.268827E-19
3.91669973795406  9.294497E-20
3.91686570203627  4.170624E-20
3.91703166611848  1.629213E-18
3.91719763020069  7.682009E-19
3.91736359428289  -2.130223E-20
3.9175295583651  9.586561E-19
3.91769552244731  4.770190E-19
3.91786148652952  -7.126596E-20
3.91802745061173  -5.018762E-21
3.91819341469394  5.199961E-19
3.91835937877615  1.498756E-19
3.91852534285836  2.664445E-19
3.91869130694057  -6.131027E-21
3.91885727102277  1.941720E-19
3.91902323510498  -1.179444E-19
3.91918919918719  3.154776E-20
3.9193551632694  3.720839E-20
3.91952112735161  7.695131E-20
3.91968709143382  1.303165E-19
3.91985305551603  -2.881019E-20
3.92001901959824  1.006312E-19
3.92018498368045  1.788314E-19
3.92035094776266  1.428114E-18
3.92051691184486  5.199159E-19
3.92068287592707  9.772703E-20
3.92084884000928  1.814457E-20
3.92101480409149  -7.346756E-20
3.9211807681737  1.432635E-18
3.92134673225591  5.446566E-19
3.92151269633812  3.350333E-19
3.92167866042033  4.097872E-19
3.92184462450254  1.680856E-20
3.92201058858475  9.564672E-20
3.92217655266695  2.307608E-20
3.92234251674916  -1.042045E-19
3.92250848083137  2.512087E-19
3.92267444491358  3.667712E-19
3.92284040899579  4.136084E-19
3.923006373078  -4.736107E-20
3.92317233716021  -1.817136E-20
3.92333830124242  -3.591947E-19
3.92350426532463  3.193106E-19
3.92367022940684  7.412079E-19
3.92383619348904  5.631430E-20
3.92400215757125  5.474588E-19
3.92416812165346  3.516086E-19
3.92433408573567  1.403685E-19
3.92450004981788  3.516463E-20
3.92466601390009  1.265165E-19
3.9248319779823  1.429617E-19
3.92499794206451  8.568513E-20
3.92516390614672  3.518020E-20
3.92532987022893  -6.207216E-20
3.92549583431113  -4.292790E-20
3.92566179839334  1.839808E-20
3.92582776247555  -3.920505E-19
3.92599372655776  6.292566E-20
3.92615969063997  -2.026757E-20
3.92632565472218  8.154401E-20
3.92649161880439  6.977014E-20
3.9266575828866  6.491861E-20
3.92682354696881  -5.172433E-20
3.92698951105102  2.907694E-19
3.92715547513322  1.029203E-19
3.92732143921543  -3.296552E-20
3.92748740329764  6.867149E-20
3.92765336737985  -7.832823E-20
3.92781933146206  7.260381E-20
3.92798529554427  -7.029045E-20
3.92815125962648  6.533565E-20
3.92831722370869  5.452391E-20
3.9284831877909  3.815104E-21
3.92864915187311  1.069865E-19
3.92881511595531  -2.236139E-20
3.92898108003752  -1.484702E-19
3.92914704411973  2.172879E-20
3.92931300820194  1.348264E-19
3.92947897228415  6.882736E-21
3.92964493636636  -1.334325E-19
3.92981090044857  4.926531E-20
3.92997686453078  1.465908E-20
3.93014282861299  5.537389E-20
3.9303087926952  7.617057E-20
3.9304747567774  -2.663994E-22
3.93064072085961  8.726171E-20
3.93080668494182  6.373650E-20
3.93097264902403  6.005594E-21
3.93113861310624  1.305400E-20
3.93130457718845  -1.055895E-20
3.93147054127066  1.983308E-20
3.93163650535287  9.723055E-20
3.93180246943508  -2.977833E-20
3.93196843351729  9.047492E-20
3.93213439759949  2.728786E-21
3.9323003616817  -4.246513E-20
3.93246632576391  -1.963098E-20
3.93263228984612  2.022933E-19
3.93279825392833  1.670721E-19
3.93296421801054  6.082242E-20
3.93313018209275  1.270987E-20
3.93329614617496  2.010183E-20
3.93346211025717  9.691068E-20
3.93362807433938  7.154775E-20
3.93379403842158  1.051114E-19
3.93396000250379  7.464070E-20
3.934125966586  1.510015E-20
3.93429193066821  7.386568E-20
3.93445789475042  -1.794722E-20
3.93462385883263  -3.535737E-20
3.93478982291484  6.239492E-19
3.93495578699705  1.410784E-18
3.93512175107926  3.245843E-19
3.93528771516147  3.634423E-20
3.93545367924367  9.322558E-20
3.93561964332588  -1.592804E-19
3.93578560740809  1.933959E-19
3.9359515714903  1.518162E-19
3.93611753557251  -1.991932E-19
3.93628349965472  -1.431396E-19
3.93644946373693  1.398128E-19
3.93661542781914  3.751770E-20
3.93678139190135  8.929171E-20
3.93694735598356  1.020893E-19
3.93711332006576  1.375800E-19
3.93727928414797  1.551539E-19
3.93744524823018  1.581265E-19
3.93761121231239  1.620210E-19
3.9377771763946  6.877146E-20
3.93794314047681  -8.304980E-20
3.93810910455902  -7.221143E-20
3.93827506864123  6.200971E-20
3.93844103272344  8.938218E-20
3.93860699680565  6.371542E-20
3.93877296088785  -7.905844E-20
3.93893892497006  9.834819E-20
3.93910488905227  9.013651E-20
3.93927085313448  1.338190E-19
3.93943681721669  6.357739E-20
3.9396027812989  1.830662E-20
3.93976874538111  -3.750673E-20
3.93993470946332  1.058314E-19
3.94010067354553  1.325905E-19
3.94026663762774  3.986755E-20
3.94043260170994  6.531298E-20
3.94059856579215  5.204227E-21
3.94076452987436  -6.016227E-20
3.94093049395657  -8.116193E-20
3.94109645803878  -3.509598E-20
3.94126242212099  3.573898E-20
3.9414283862032  6.955423E-20
3.94159435028541  -2.838000E-20
3.94176031436762  -1.831910E-20
3.94192627844983  -1.770600E-21
3.94209224253203  1.579464E-20
3.94225820661424  7.221245E-20
3.94242417069645  -6.629036E-20
3.94259013477866  -1.180402E-19
3.94275609886087  -1.527793E-19
3.94292206294308  2.465726E-19
3.94308802702529  -2.707772E-20
3.9432539911075  -8.891377E-20
3.94341995518971  2.581273E-19
3.94358591927192  1.072636E-19
3.94375188335412  1.270235E-19
3.94391784743633  1.381264E-19
3.94408381151854  2.880298E-19
3.94424977560075  1.733184E-20
3.94441573968296  1.009133E-19
3.94458170376517  9.979501E-20
3.94474766784738  1.283602E-19
3.94491363192959  -1.223533E-20
3.9450795960118  1.105201E-19
3.94524556009401  8.678276E-20
3.94541152417621  1.576205E-19
3.94557748825842  -3.209794E-20
3.94574345234063  -2.020693E-19
3.94590941642284  2.373129E-19
3.94607538050505  6.919532E-20
3.94624134458726  -1.604347E-19
3.94640730866947  1.549555E-19
3.94657327275168  3.838807E-20
3.94673923683389  6.208317E-20
3.9469052009161  -1.285249E-20
3.9470711649983  9.799751E-21
3.94723712908051  2.828530E-20
3.94740309316272  -5.935371E-20
3.94756905724493  -7.398595E-20
3.94773502132714  1.059134E-19
3.94790098540935  -8.246248E-20
3.94806694949156  -5.980648E-21
3.94823291357377  -6.494993E-21
3.94839887765598  -8.321723E-21
3.94856484173819  9.679853E-20
3.94873080582039  1.334201E-19
3.9488967699026  -4.707764E-20
3.94906273398481  2.185573E-20
3.94922869806702  -1.071003E-19
3.94939466214923  -1.931993E-20
3.94956062623144  3.551613E-19
3.94972659031365  3.344102E-20
3.94989255439586  1.630354E-19
3.95005851847807  2.879651E-19
3.95022448256028  7.700463E-18
3.95039044664248  9.115456E-18
3.95055641072469  7.522481E-18
3.9507223748069  8.816538E-18
3.95088833888911  1.309665E-19
3.95105430297132  4.352232E-18
3.95122026705353  1.779991E-18
3.95138623113574  2.549398E-18
3.95155219521795  1.756864E-17
3.95171815930016  2.020932E-17
3.95188412338237  2.410298E-17
3.95205008746457  2.064470E-17
3.95221605154678  8.867581E-18
3.95238201562899  2.190123E-17
3.9525479797112  1.614355E-17
3.95271394379341  6.413160E-18
3.95287990787562  2.408026E-17
3.95304587195783  6.427784E-18
3.95321183604004  1.913672E-17
3.95337780012225  2.326233E-17
3.95354376420446  1.024358E-17
3.95370972828666  2.009947E-17
3.95387569236887  2.383893E-17
3.95404165645108  1.176384E-17
3.95420762053329  1.683025E-17
3.9543735846155  7.728484E-18
3.95453954869771  2.457169E-17
3.95470551277992  2.778008E-17
3.95487147686213  2.764819E-17
3.95503744094434  2.840733E-17
3.95520340502655  2.912674E-17
3.95536936910875  2.747927E-17
3.95553533319096  3.066922E-17
3.95570129727317  3.019944E-17
3.95586726135538  3.102418E-17
3.95603322543759  3.050317E-17
3.9561991895198  2.905265E-17
3.95636515360201  3.002183E-17
3.95653111768422  2.880093E-17
3.95669708176643  3.018060E-17
3.95686304584864  3.019808E-17
3.95702900993084  2.934899E-17
3.95719497401305  2.899508E-17
3.95736093809526  2.713744E-17
3.95752690217747  2.988138E-17
3.95769286625968  2.248205E-17
3.95785883034189  2.536084E-17
3.9580247944241  3.005614E-17
3.95819075850631  2.992716E-17
3.95835672258852  2.970140E-17
3.95852268667073  2.980830E-17
3.95868865075293  2.957350E-17
3.95885461483514  2.960506E-17
3.95902057891735  2.904405E-17
3.95918654299956  2.969843E-17
3.95935250708177  2.721053E-17
3.95951847116398  2.904715E-17
3.95968443524619  2.893413E-17
3.9598503993284  2.749083E-17
3.96001636341061  2.828829E-17
3.96018232749282  2.803184E-17
3.96034829157502  1.902383E-17
3.96051425565723  2.793111E-17
3.96068021973944  2.755253E-17
3.96084618382165  2.771242E-17
3.96101214790386  2.611998E-17
3.96117811198607  2.387058E-17
3.96134407606828  2.695224E-17
3.96151004015049  2.613347E-17
3.9616760042327  2.606755E-17
3.96184196831491  2.429153E-17
3.96200793239711  2.399179E-17
3.96217389647932  2.613954E-17
3.96233986056153  2.600719E-17
3.96250582464374  2.471405E-17
3.96267178872595  2.393755E-17
3.96283775280816  2.507103E-17
3.96300371689037  2.462923E-17
3.96316968097258  2.421388E-17
3.96333564505479  2.103079E-17
3.963501609137  2.098736E-17
3.9636675732192  1.913759E-17
3.96383353730141  6.543143E-18
3.96399950138362  2.226952E-17
3.96416546546583  2.083167E-17
3.96433142954804  2.213595E-17
3.96449739363025  9.487200E-18
3.96466335771246  1.984848E-17
3.96482932179467  2.228834E-17
3.96499528587688  2.220765E-17
3.96516124995909  2.268536E-17
3.96532721404129  2.257911E-17
3.9654931781235  2.211591E-17
3.96565914220571  2.225963E-17
3.96582510628792  2.214139E-17
3.96599107037013  2.144515E-17
3.96615703445234  2.140851E-17
3.96632299853455  2.142567E-17
3.96648896261676  2.168339E-17
3.96665492669897  2.073750E-17
3.96682089078118  2.181170E-17
3.96698685486338  2.210911E-17
3.96715281894559  2.086532E-17
3.9673187830278  2.130076E-17
3.96748474711001  2.071499E-17
3.96765071119222  1.859969E-17
3.96781667527443  2.023118E-17
3.96798263935664  2.158173E-17
3.96814860343885  2.107951E-17
3.96831456752106  1.991049E-17
3.96848053160327  1.972915E-17
3.96864649568547  2.139615E-17
3.96881245976768  2.136582E-17
3.96897842384989  2.095868E-17
3.9691443879321  2.059120E-17
3.96931035201431  2.064997E-17
3.96947631609652  2.021246E-17
3.96964228017873  2.202377E-17
3.96980824426094  2.047454E-17
3.96997420834315  1.975978E-17
3.97014017242536  2.111248E-17
3.97030613650756  2.094100E-17
3.97047210058977  1.968172E-17
3.97063806467198  2.116575E-17
3.97080402875419  2.119479E-17
3.9709699928364  1.627407E-17
3.97113595691861  1.903044E-17
3.97130192100082  1.966722E-17
3.97146788508303  1.926302E-17
3.97163384916524  1.825834E-17
3.97179981324745  1.787877E-17
3.97196577732965  1.839570E-17
3.97213174141186  1.910435E-17
3.97229770549407  1.969858E-17
3.97246366957628  1.815964E-17
3.97262963365849  1.886489E-17
3.9727955977407  1.834657E-17
3.97296156182291  1.864057E-17
3.97312752590512  1.792577E-17
3.97329348998733  1.800175E-17
3.97345945406954  1.731158E-17
3.97362541815174  1.563770E-17
3.97379138223395  1.795666E-17
3.97395734631616  1.626833E-17
3.97412331039837  1.699346E-17
3.97428927448058  1.652953E-17
3.97445523856279  1.783828E-17
3.974621202645  1.785992E-17
3.97478716672721  1.670062E-17
3.97495313080942  1.587784E-17
3.97511909489163  1.666079E-17
3.97528505897383  1.431508E-17
3.97545102305604  1.600276E-17
3.97561698713825  1.615362E-17
3.97578295122046  1.601864E-17
3.97594891530267  1.784588E-17
3.97611487938488  1.689455E-17
3.97628084346709  1.738144E-17
3.9764468075493  1.627883E-17
3.97661277163151  1.498376E-17
3.97677873571372  1.610248E-17
3.97694469979592  1.776934E-17
3.97711066387813  1.689431E-17
3.97727662796034  1.782646E-17
3.97744259204255  1.769699E-17
3.97760855612476  1.690366E-17
3.97777452020697  1.766295E-17
3.97794048428918  1.713752E-17
3.97810644837139  1.781365E-17
3.9782724124536  1.635351E-17
3.97843837653581  1.598912E-17
3.97860434061801  1.559666E-17
3.97877030470022  1.613608E-17
3.97893626878243  1.832780E-17
3.97910223286464  1.797901E-17
3.97926819694685  1.766321E-17
3.97943416102906  1.695150E-17
3.97960012511127  1.818195E-17
3.97976608919348  1.780258E-17
3.97993205327569  1.818369E-17
3.9800980173579  1.789562E-17
3.98026398144011  1.967007E-17
3.98042994552231  1.857468E-17
3.98059590960452  1.805784E-17
3.98076187368673  1.675727E-17
3.98092783776894  1.741616E-17
3.98109380185115  1.955306E-17
3.98125976593336  1.885721E-17
3.98142573001557  1.717380E-17
3.98159169409778  1.874882E-17
3.98175765817999  1.833962E-17
3.98192362226219  1.794701E-17
3.9820895863444  1.812613E-17
3.98225555042661  1.803928E-17
3.98242151450882  1.840681E-17
3.98258747859103  1.862382E-17
3.98275344267324  1.881933E-17
3.98291940675545  1.733011E-17
3.98308537083766  1.829872E-17
3.98325133491987  1.754751E-17
3.98341729900208  1.799063E-17
3.98358326308428  1.881190E-17
3.98374922716649  1.918258E-17
3.9839151912487  1.907822E-17
3.98408115533091  1.936427E-17
3.98424711941312  1.793778E-17
3.98441308349533  1.831164E-17
3.98457904757754  1.956434E-17
3.98474501165975  1.915422E-17
3.98491097574196  1.892095E-17
3.98507693982417  1.818018E-17
3.98524290390638  1.945374E-17
3.98540886798858  1.724065E-17
3.98557483207079  1.884581E-17
3.985740796153  1.848714E-17
3.98590676023521  1.709226E-17
3.98607272431742  1.836132E-17
3.98623868839963  1.803973E-17
3.98640465248184  1.751741E-17
3.98657061656405  1.796951E-17
3.98673658064626  1.787429E-17
3.98690254472846  1.778628E-17
3.98706850881067  1.659462E-17
3.98723447289288  1.569843E-17
3.98740043697509  1.585702E-17
3.9875664010573  1.722046E-17
3.98773236513951  1.614597E-17
3.98789832922172  1.619865E-17
3.98806429330393  1.639182E-17
3.98823025738614  1.650019E-17
3.98839622146835  1.671740E-17
3.98856218555055  1.626812E-17
3.98872814963276  1.683452E-17
3.98889411371497  1.548563E-17
3.98906007779718  1.649666E-17
3.98922604187939  1.645820E-17
3.9893920059616  1.529996E-17
3.98955797004381  1.598277E-17
3.98972393412602  1.667084E-17
3.98988989820823  1.663815E-17
3.99005586229044  1.761873E-17
3.99022182637265  1.756821E-17
3.99038779045485  1.737613E-17
3.99055375453706  1.736423E-17
3.99071971861927  1.749886E-17
3.99088568270148  1.671199E-17
3.99105164678369  1.653892E-17
3.9912176108659  1.551115E-17
3.99138357494811  1.597838E-17
3.99154953903032  1.519459E-17
3.99171550311253  1.539088E-17
3.99188146719473  1.668848E-17
3.99204743127694  1.598880E-17
3.99221339535915  1.609165E-17
3.99237935944136  1.599328E-17
3.99254532352357  1.543524E-17
3.99271128760578  1.553329E-17
3.99287725168799  1.581271E-17
3.9930432157702  1.616233E-17
3.99320917985241  1.559789E-17
3.99337514393462  1.538124E-17
3.99354110801682  1.516884E-17
3.99370707209903  1.505114E-17
3.99387303618124  1.536913E-17
3.99403900026345  1.618582E-17
3.99420496434566  1.538789E-17
3.99437092842787  1.510641E-17
3.99453689251008  1.522997E-17
3.99470285659229  1.534477E-17
3.9948688206745  1.509637E-17
3.99503478475671  1.627207E-17
3.99520074883892  1.646158E-17
3.99536671292112  1.610521E-17
3.99553267700333  1.495275E-17
3.99569864108554  1.496735E-17
3.99586460516775  1.562960E-17
3.99603056924996  1.665959E-17
3.99619653333217  1.623786E-17
3.99636249741438  1.751597E-17
3.99652846149659  1.495161E-17
3.9966944255788  1.641648E-17
3.996860389661  1.370434E-17
3.99702635374321  1.372412E-17
3.99719231782542  1.482095E-17
3.99735828190763  1.494399E-17
3.99752424598984  1.553519E-17
3.99769021007205  1.573307E-17
3.99785617415426  1.604245E-17
3.99802213823647  1.496854E-17
3.99818810231868  1.550145E-17
3.99835406640089  1.572921E-17
3.99852003048309  1.471702E-17
3.9986859945653  1.475318E-17
3.99885195864751  1.511537E-17
3.99901792272972  1.425043E-17
3.99918388681193  1.576513E-17
3.99934985089414  1.509062E-17
3.99951581497635  1.561849E-17
3.99968177905856  1.609361E-17
3.99984774314077  1.397057E-17
4.00001370722298  1.390981E-17
4.00017967130519  1.578333E-17
4.00034563538739  1.547525E-17
4.0005115994696  1.489817E-17
4.00067756355181  1.584970E-17
4.00084352763402  1.564006E-17
4.00100949171623  1.615305E-17
4.00117545579844  1.571660E-17
4.00134141988065  1.447004E-17
4.00150738396286  1.681188E-17
4.00167334804507  1.766106E-17
4.00183931212727  1.603874E-17
4.00200527620948  1.537702E-17
4.00217124029169  1.617960E-17
4.0023372043739  1.603919E-17
4.00250316845611  1.537965E-17
4.00266913253832  1.715057E-17
4.00283509662053  1.783795E-17
4.00300106070274  1.786093E-17
4.00316702478495  1.808048E-17
4.00333298886716  1.728949E-17
4.00349895294937  1.621682E-17
4.00366491703157  1.822897E-17
4.00383088111378  1.819146E-17
4.00399684519599  1.672883E-17
4.0041628092782  1.666782E-17
4.00432877336041  1.763282E-17
4.00449473744262  1.803464E-17
4.00466070152483  1.737563E-17
4.00482666560704  1.795386E-17
4.00499262968925  1.709251E-17
4.00515859377146  1.647650E-17
4.00532455785366  1.612177E-17
4.00549052193587  1.448467E-17
4.00565648601808  1.396636E-17
4.00582245010029  1.677006E-17
4.0059884141825  1.574311E-17
4.00615437826471  1.503238E-17
4.00632034234692  1.443426E-17
4.00648630642913  1.303057E-17
4.00665227051134  1.331404E-17
4.00681823459354  1.520661E-17
4.00698419867575  1.442374E-17
4.00715016275796  1.400220E-17
4.00731612684017  1.449797E-17
4.00748209092238  1.514108E-17
4.00764805500459  1.372232E-17
4.0078140190868  1.431231E-17
4.00797998316901  1.466225E-17
4.00814594725122  1.687318E-17
4.00831191133343  1.622274E-17
4.00847787541564  1.531335E-17
4.00864383949784  1.804131E-17
4.00880980358005  1.689152E-17
4.00897576766226  1.542761E-17
4.00914173174447  1.714385E-17
4.00930769582668  1.795762E-17
4.00947365990889  1.745903E-17
4.0096396239911  1.561881E-17
4.00980558807331  1.651924E-17
4.00997155215552  1.520093E-17
4.01013751623773  1.951663E-17
4.01030348031993  1.858042E-17
4.01046944440214  1.887497E-17
4.01063540848435  1.758052E-17
4.01080137256656  1.791242E-17
4.01096733664877  1.881984E-17
4.01113330073098  1.756416E-17
4.01129926481319  1.835206E-17
4.0114652288954  2.035062E-17
4.01163119297761  1.980791E-17
4.01179715705981  1.908795E-17
4.01196312114202  2.291690E-17
4.01212908522423  1.818355E-17
4.01229504930644  2.494281E-17
4.01246101338865  2.010819E-17
4.01262697747086  1.824253E-17
4.01279294155307  1.743451E-17
4.01295890563528  2.020594E-17
4.01312486971749  2.063147E-17
4.01329083379969  1.722195E-17
4.01345679788191  1.648124E-17
4.01362276196411  2.053086E-17
4.01378872604632  1.740309E-17
4.01395469012853  1.824589E-17
4.01412065421074  1.658093E-17
4.01428661829295  1.608848E-17
4.01445258237516  1.982747E-17
4.01461854645737  1.634156E-17
4.01478451053958  1.449376E-17
4.01495047462179  2.028328E-17
4.015116438704  1.607177E-17
4.0152824027862  1.879300E-17
4.01544836686841  1.572730E-17
4.01561433095062  1.703274E-17
4.01578029503283  2.449385E-17
4.01594625911504  2.600356E-17
4.01611222319725  1.190913E-17
4.01627818727946  1.334856E-17
4.01644415136167  1.763769E-17
4.01661011544388  1.833729E-17
4.01677607952608  1.607208E-17
4.01694204360829  2.255087E-17
4.0171080076905  1.479004E-17
4.01727397177271  1.454872E-17
4.01743993585492  1.639109E-17
4.01760589993713  1.581863E-17
4.01777186401934  2.147245E-17
4.01793782810155  1.986528E-17
4.01810379218376  1.055418E-17
4.01826975626596  1.252104E-17
4.01843572034818  2.239681E-17
4.01860168443038  1.585616E-17
4.01876764851259  1.592368E-17
4.0189336125948  2.455037E-17
4.01909957667701  2.698264E-17
4.01926554075922  1.515486E-17
4.01943150484143  2.151359E-17
4.01959746892364  1.818469E-17
4.01976343300585  2.066989E-17
4.01992939708806  2.632004E-17
4.02009536117027  2.967245E-17
4.02026132525247  2.302449E-17
4.02042728933468  2.029413E-17
4.02059325341689  1.383227E-17
4.0207592174991  1.726215E-17
4.02092518158131  1.868663E-17
4.02109114566352  1.620761E-17
4.02125710974573  1.533279E-17
4.02142307382794  9.084073E-18
4.02158903791015  3.166678E-17
4.02175500199235  1.622190E-17
4.02192096607456  1.437584E-17
4.02208693015677  1.592499E-17
4.02225289423898  2.649407E-17
4.02241885832119  2.179259E-17
4.0225848224034  2.370523E-17
4.02275078648561  1.959305E-17
4.02291675056782  1.664167E-17
4.02308271465003  1.286596E-17
4.02324867873223  2.255548E-17
4.02341464281445  2.669407E-17
4.02358060689665  1.567476E-17
4.02374657097886  1.810530E-17
4.02391253506107  2.660936E-17
4.02407849914328  1.206198E-17
4.02424446322549  1.302322E-17
4.0244104273077  2.057581E-17
4.02457639138991  8.993079E-18
4.02474235547212  1.224023E-17
4.02490831955433  1.652388E-17
4.02507428363654  2.914620E-17
4.02524024771874  2.383438E-17
4.02540621180095  1.292243E-17
4.02557217588316  2.631066E-17
4.02573813996537  1.813360E-17
4.02590410404758  9.654037E-19
4.02607006812979  2.334584E-17
4.026236032212  3.094807E-18
4.02640199629421  1.216293E-17
4.02656796037642  5.124874E-18
4.02673392445862  1.730666E-17
4.02689988854083  1.901572E-17
4.02706585262304  -2.830730E-19
4.02723181670525  1.297018E-17
4.02739778078746  1.418654E-17
4.02756374486967  2.282504E-17
4.02772970895188  7.791229E-18
4.02789567303409  1.571064E-17
4.0280616371163  -3.405156E-18
4.0282276011985  -1.128819E-17
4.02839356528072  -4.744185E-18
4.02855952936292  4.147786E-17
4.02872549344513  3.091159E-17
4.02889145752734  9.520413E-19
4.02905742160955  2.266396E-17
4.02922338569176  1.539282E-17
4.02938934977397  2.368626E-17
4.02955531385618  1.026872E-17
4.02972127793839  3.005973E-17
4.0298872420206  1.591858E-17
4.03005320610281  1.735566E-17
4.03021917018501  4.724864E-18
4.03038513426722  3.813045E-17
4.03055109834943  2.089770E-17
4.03071706243164  1.201162E-17
4.03088302651385  2.994553E-17
4.03104899059606  1.998565E-17
4.03121495467827  -1.612820E-17
4.03138091876048  4.772276E-17
4.03154688284269  5.823724E-17
4.0317128469249  3.679530E-18
4.0318788110071  -3.426159E-18
4.03204477508931  3.500989E-18
4.03221073917152  4.373265E-17
4.03237670325373  4.412074E-17
4.03254266733594  6.182018E-19
4.03270863141815  7.464586E-17
4.03287459550036  1.578006E-17
4.03304055958257  4.521211E-17
4.03320652366477  -7.942649E-18
4.03337248774699  5.105000E-17
4.03353845182919  5.904326E-17
4.0337044159114  8.827731E-18
4.03387037999361  2.197694E-17
4.03403634407582  5.925284E-17
4.03420230815803  8.570294E-19
4.03436827224024  -5.690664E-17
4.03453423632245  7.887849E-18
4.03470020040466  7.648941E-17
4.03486616448687  5.375210E-17
4.03503212856908  7.202364E-17
4.03519809265128  6.063632E-17
4.03536405673349  5.935826E-17
4.0355300208157  4.394903E-17
4.03569598489791  2.093770E-17
4.03586194898012  1.118392E-18
4.03602791306233  5.418498E-18
4.03619387714454  1.144112E-16
4.03635984122675  -8.667723E-18
4.03652580530896  -1.992083E-18
4.03669176939117  -1.297571E-17
4.03685773347337  1.321578E-17
4.03702369755558  -1.504941E-17
4.03718966163779  -2.552294E-17
4.03735562572  1.991200E-17
4.03752158980221  -1.441883E-17
4.03768755388442  -1.820957E-17
4.03785351796663  -1.312495E-17
4.03801948204884  3.038482E-17
4.03818544613105  8.391823E-17
4.03835141021326  -1.234897E-17
4.03851737429546  9.437534E-17
4.03868333837767  -2.682529E-17
