3.59106997072  6.159829E-18
3.59123593601791  7.741385E-17
3.59140190131583  2.074822E-17
3.59156786661374  4.248293E-17
3.59173383191165  4.024125E-18
3.59189979720956  2.195556E-17
3.59206576250748  6.007912E-18
3.59223172780539  -2.653807E-17
3.5923976931033  -6.982931E-17
3.59256365840122  6.359597E-17
3.59272962369913  1.330511E-17
3.59289558899704  -1.245693E-17
3.59306155429496  2.276298E-17
3.59322751959287  2.579792E-17
3.59339348489078  -1.034848E-17
3.59355945018869  8.665734E-18
3.59372541548661  -1.468254E-18
3.59389138078452  -2.712468E-18
3.59405734608243  1.357410E-17
3.59422331138035  1.450449E-17
3.59438927667826  3.247344E-18
3.59455524197617  -9.131363E-18
3.59472120727409  -1.825786E-17
3.594887172572  -1.790347E-17
3.59505313786991  -2.641601E-18
3.59521910316782  4.501781E-19
3.59538506846574  1.705335E-18
3.59555103376365  -1.185238E-17
3.59571699906156  8.014615E-18
3.59588296435948  -5.416784E-18
3.59604892965739  -4.803923E-18
3.5962148949553  -1.320991E-17
3.59638086025322  -1.435262E-18
3.59654682555113  3.078799E-18
3.59671279084904  -9.150814E-18
3.59687875614695  3.571712E-18
3.59704472144487  2.523730E-18
3.59721068674278  1.488877E-18
3.59737665204069  4.472284E-18
3.59754261733861  -2.615078E-18
3.59770858263652  -6.162613E-18
3.59787454793443  -2.668595E-18
3.59804051323235  3.346541E-19
3.59820647853026  -2.519141E-18
3.59837244382817  5.164955E-18
3.59853840912609  3.021391E-18
3.598704374424  3.442774E-18
3.59887033972191  1.771663E-18
3.59903630501982  3.511841E-18
3.59920227031774  5.215133E-18
3.59936823561565  6.888814E-19
3.59953420091356  -5.398479E-18
3.59970016621148  -8.883728E-19
3.59986613150939  3.321219E-19
3.6000320968073  9.522146E-19
3.60019806210521  5.901094E-18
3.60036402740313  -2.268058E-18
3.60052999270104  2.937258E-18
3.60069595799895  -2.044684E-19
3.60086192329687  -1.339955E-18
3.60102788859478  1.438192E-18
3.60119385389269  -1.615563E-18
3.60135981919061  -9.276308E-20
3.60152578448852  -6.649727E-19
3.60169174978643  1.116868E-18
3.60185771508434  1.018060E-18
3.60202368038226  -3.042250E-18
3.60218964568017  1.873837E-18
3.60235561097808  2.147007E-18
3.602521576276  1.854217E-19
3.60268754157391  5.366932E-19
3.60285350687182  4.278307E-20
3.60301947216974  2.334263E-18
3.60318543746765  7.489458E-20
3.60335140276556  2.483783E-19
3.60351736806347  1.147711E-19
3.60368333336139  -2.167914E-18
3.6038492986593  -1.483157E-18
3.60401526395721  -1.309126E-18
3.60418122925513  -4.547669E-18
3.60434719455304  1.629730E-18
3.60451315985095  1.137687E-18
3.60467912514887  -1.075904E-19
3.60484509044678  2.802306E-19
3.60501105574469  1.275068E-18
3.6051770210426  2.002035E-18
3.60534298634052  -3.880649E-19
3.60550895163843  -1.641842E-22
3.60567491693634  1.478586E-18
3.60584088223426  7.083975E-19
3.60600684753217  -1.019871E-18
3.60617281283008  8.569935E-19
3.606338778128  -3.803968E-19
3.60650474342591  1.889021E-19
3.60667070872382  -1.843963E-18
3.60683667402174  -5.752332E-19
3.60700263931965  3.641018E-19
3.60716860461756  1.401111E-18
3.60733456991547  -7.158195E-19
3.60750053521339  -1.036349E-18
3.6076665005113  -8.448997E-19
3.60783246580921  -4.184072E-19
3.60799843110713  2.595770E-19
3.60816439640504  2.784711E-19
3.60833036170295  -3.783900E-19
3.60849632700086  -4.822075E-19
3.60866229229878  6.822945E-20
3.60882825759669  9.954417E-19
3.6089942228946  -3.633088E-19
3.60916018819252  -2.035446E-19
3.60932615349043  -4.231764E-19
3.60949211878834  -3.062308E-19
3.60965808408626  -2.743480E-19
3.60982404938417  -3.096108E-19
3.60999001468208  1.129034E-18
3.61015597998  1.043992E-18
3.61032194527791  5.985541E-19
3.61048791057582  1.545755E-19
3.61065387587373  7.723698E-19
3.61081984117165  1.258084E-18
3.61098580646956  4.046229E-19
3.61115177176747  2.948844E-19
3.61131773706539  2.143320E-18
3.6114837023633  -9.156515E-19
3.61164966766121  2.898998E-20
3.61181563295912  -9.331757E-19
3.61198159825704  -2.139941E-19
3.61214756355495  -3.534760E-19
3.61231352885286  7.883034E-19
3.61247949415078  -3.777086E-20
3.61264545944869  3.093422E-19
3.6128114247466  -7.983928E-19
3.61297739004452  -2.811529E-19
3.61314335534243  -6.329562E-19
3.61330932064034  -3.520576E-19
3.61347528593825  -8.534761E-19
3.61364125123617  -1.063551E-19
3.61380721653408  -6.562780E-19
3.61397318183199  -4.190659E-19
3.61413914712991  -1.256314E-19
3.61430511242782  -2.033223E-19
3.61447107772573  7.510988E-19
3.61463704302365  6.429748E-19
3.61480300832156  -1.256165E-18
3.61496897361947  4.315068E-19
3.61513493891738  -3.496134E-19
3.6153009042153  -6.658317E-19
3.61546686951321  8.364422E-19
3.61563283481112  -2.644506E-19
3.61579880010904  4.642146E-19
3.61596476540695  -2.338887E-21
3.61613073070486  3.296941E-19
3.61629669600278  1.612354E-19
3.61646266130069  -9.689554E-19
3.6166286265986  4.095015E-20
3.61679459189651  3.991492E-20
3.61696055719443  -1.112550E-18
3.61712652249234  -8.913597E-19
3.61729248779025  2.804416E-19
3.61745845308817  -1.508359E-19
3.61762441838608  -3.254908E-19
3.61779038368399  -1.021526E-18
3.61795634898191  -1.126525E-20
3.61812231427982  6.502682E-19
3.61828827957773  2.138955E-18
3.61845424487565  9.821614E-20
3.61862021017356  1.444888E-19
3.61878617547147  -1.456958E-19
3.61895214076938  4.657725E-19
3.6191181060673  -5.163556E-19
3.61928407136521  -8.598849E-19
3.61945003666312  -2.588120E-19
3.61961600196104  -3.692032E-19
3.61978196725895  1.896492E-19
3.61994793255686  -5.041395E-19
3.62011389785477  4.961493E-20
3.62027986315269  -7.163322E-19
3.6204458284506  -6.097537E-19
3.62061179374851  6.595540E-19
3.62077775904643  8.060832E-19
3.62094372434434  -2.949648E-19
3.62110968964225  8.589975E-19
3.62127565494017  3.293329E-19
3.62144162023808  1.044000E-19
3.62160758553599  -5.206622E-19
3.62177355083391  -1.108775E-18
3.62193951613182  5.841314E-19
3.62210548142973  -4.091486E-19
3.62227144672764  -8.917558E-19
3.62243741202556  1.252234E-19
3.62260337732347  1.865715E-19
3.62276934262138  4.519091E-19
3.6229353079193  7.398887E-19
3.62310127321721  -2.103079E-19
3.62326723851512  4.034894E-19
3.62343320381303  7.707571E-19
3.62359916911095  -1.951751E-19
3.62376513440886  -3.405122E-20
3.62393109970677  1.933183E-19
3.62409706500469  -1.187548E-18
3.6242630303026  -9.648307E-19
3.62442899560051  3.455409E-19
3.62459496089843  4.523845E-19
3.62476092619634  4.894676E-19
3.62492689149425  9.916274E-19
3.62509285679216  -2.339601E-19
3.62525882209008  2.777363E-19
3.62542478738799  -3.050805E-19
3.6255907526859  7.124406E-19
3.62575671798382  3.745895E-19
3.62592268328173  -1.134450E-18
3.62608864857964  2.837323E-19
3.62625461387756  -8.799140E-19
3.62642057917547  -3.706105E-19
3.62658654447338  1.168591E-18
3.6267525097713  7.543819E-19
3.62691847506921  7.612432E-20
3.62708444036712  1.369167E-18
3.62725040566503  3.852629E-19
3.62741637096295  4.093048E-19
3.62758233626086  -1.499821E-19
3.62774830155877  2.463785E-20
3.62791426685669  -2.794176E-19
3.6280802321546  9.549923E-19
3.62824619745251  -2.538188E-19
3.62841216275042  -2.535504E-19
3.62857812804834  9.128218E-19
3.62874409334625  2.253144E-19
3.62891005864416  4.336926E-20
3.62907602394208  -4.676565E-19
3.62924198923999  3.383279E-19
3.6294079545379  -3.104655E-19
3.62957391983582  4.370208E-19
3.62973988513373  -1.602651E-18
3.62990585043164  -6.002118E-19
3.63007181572956  -9.750265E-20
3.63023778102747  3.175714E-19
3.63040374632538  1.276031E-18
3.63056971162329  -1.123815E-18
3.63073567692121  1.032838E-18
3.63090164221912  3.006137E-19
3.63106760751703  7.796924E-19
3.63123357281495  -1.722538E-20
3.63139953811286  2.465934E-19
3.63156550341077  -2.597865E-19
3.63173146870868  1.780279E-19
3.6318974340066  7.428336E-19
3.63206339930451  4.540127E-19
3.63222936460242  2.282581E-19
3.63239532990034  7.766420E-19
3.63256129519825  -3.164907E-19
3.63272726049616  2.050995E-19
3.63289322579408  -2.133991E-19
3.63305919109199  -1.002380E-18
3.6332251563899  -7.022351E-19
3.63339112168782  -6.619863E-19
3.63355708698573  3.695033E-19
3.63372305228364  -5.564253E-19
3.63388901758155  -7.796022E-19
3.63405498287947  4.914095E-20
3.63422094817738  2.204077E-19
3.63438691347529  6.218806E-19
3.63455287877321  -6.356957E-19
3.63471884407112  -2.773321E-19
3.63488480936903  3.015013E-19
3.63505077466694  -3.970140E-19
3.63521673996486  5.703783E-19
3.63538270526277  1.667623E-19
3.63554867056068  -1.457645E-19
3.6357146358586  -2.864753E-19
3.63588060115651  -3.513751E-19
3.63604656645442  -6.156321E-19
3.63621253175234  -4.749270E-19
3.63637849705025  2.472468E-19
3.63654446234816  3.673501E-19
3.63671042764607  -1.324572E-19
3.63687639294399  5.518770E-19
3.6370423582419  1.001260E-18
3.63720832353981  3.090707E-19
3.63737428883773  2.860190E-19
3.63754025413564  9.995875E-20
3.63770621943355  -1.023922E-18
3.63787218473147  3.638968E-20
3.63803815002938  -4.984276E-19
3.63820411532729  -6.360076E-19
3.63837008062521  -4.235479E-19
3.63853604592312  -2.160854E-19
3.63870201122103  -4.515896E-19
3.63886797651894  1.779158E-20
3.63903394181686  3.031279E-19
3.63919990711477  5.517953E-19
3.63936587241268  2.765936E-19
3.6395318377106  5.166835E-19
3.63969780300851  3.066618E-19
3.63986376830642  3.371780E-19
3.64002973360433  5.959669E-19
3.64019569890225  -6.756441E-20
3.64036166420016  7.970081E-19
3.64052762949807  -8.548001E-19
3.64069359479599  4.798358E-19
3.6408595600939  5.309172E-19
3.64102552539181  7.620717E-19
3.64119149068973  -4.821607E-20
3.64135745598764  -2.133280E-19
3.64152342128555  2.471082E-19
3.64168938658346  -5.873514E-19
3.64185535188138  -4.471612E-19
3.64202131717929  2.471169E-19
3.6421872824772  4.400846E-19
3.64235324777512  -9.065706E-20
3.64251921307303  4.403864E-20
3.64268517837094  4.475136E-19
3.64285114366886  1.081050E-19
3.64301710896677  -4.292268E-19
3.64318307426468  -4.691314E-19
3.64334903956259  -1.217950E-19
3.64351500486051  8.759571E-20
3.64368097015842  -4.758299E-19
3.64384693545633  1.871025E-19
3.64401290075425  -5.350064E-19
3.64417886605216  -1.258420E-19
3.64434483135007  -1.952547E-19
3.64451079664799  1.017197E-19
3.6446767619459  -2.825477E-19
3.64484272724381  5.752147E-19
3.64500869254172  -1.881391E-20
3.64517465783964  -5.630700E-21
3.64534062313755  -4.504179E-19
3.64550658843546  4.318244E-19
3.64567255373338  -1.947396E-19
3.64583851903129  7.675870E-19
3.6460044843292  3.426657E-21
3.64617044962712  -1.048661E-19
3.64633641492503  8.819486E-20
3.64650238022294  -1.053023E-19
3.64666834552085  -2.544949E-19
3.64683431081877  1.517364E-19
3.64700027611668  -4.278175E-19
3.64716624141459  6.116584E-19
3.64733220671251  -1.486694E-19
3.64749817201042  1.031451E-19
3.64766413730833  2.400736E-19
3.64783010260625  7.061144E-19
3.64799606790416  -1.546459E-21
3.64816203320207  5.481677E-20
3.64832799849998  8.945825E-19
3.6484939637979  2.751216E-19
3.64865992909581  -5.252193E-19
3.64882589439372  5.732517E-19
3.64899185969164  1.645113E-19
3.64915782498955  3.116145E-19
3.64932379028746  1.651998E-19
3.64948975558538  -4.924853E-19
3.64965572088329  9.242620E-20
3.6498216861812  2.776194E-19
3.64998765147912  -6.961703E-20
3.65015361677703  1.400762E-19
3.65031958207494  -6.857921E-19
3.65048554737285  -8.064986E-19
3.65065151267077  2.298890E-18
3.65081747796868  -6.774297E-18
3.65098344326659  -5.772414E-18
3.65114940856451  3.726208E-18
3.65131537386242  1.746296E-18
3.65148133916033  -4.669427E-18
3.65164730445824  7.901998E-19
3.65181326975616  1.198705E-18
3.65197923505407  2.563870E-18
3.65214520035198  1.973645E-18
3.6523111656499  4.297175E-18
3.65247713094781  -4.150502E-19
3.65264309624572  2.976887E-18
3.65280906154364  -1.629562E-18
3.65297502684155  2.828757E-18
3.65314099213946  -1.366709E-18
3.65330695743737  1.531399E-18
3.65347292273529  -8.474220E-19
3.6536388880332  2.996806E-18
3.65380485333111  -3.464382E-18
3.65397081862903  1.600929E-18
3.65413678392694  -1.459061E-18
3.65430274922485  1.368447E-18
3.65446871452277  1.328893E-18
3.65463467982068  3.245557E-20
3.65480064511859  1.002547E-18
3.6549666104165  2.363990E-18
3.65513257571442  9.484138E-21
3.65529854101233  -1.165196E-18
3.65546450631024  1.703903E-18
3.65563047160816  -6.035663E-19
3.65579643690607  5.456480E-19
3.65596240220398  1.449476E-18
3.6561283675019  9.927240E-19
3.65629433279981  1.263326E-18
3.65646029809772  -7.315081E-19
3.65662626339563  6.460978E-19
3.65679222869355  -1.817829E-19
3.65695819399146  5.111089E-19
3.65712415928937  -3.657746E-20
3.65729012458729  -3.096453E-19
3.6574560898852  1.702692E-19
3.65762205518311  7.188561E-19
3.65778802048103  7.209153E-19
3.65795398577894  -3.255879E-19
3.65811995107685  3.035540E-19
3.65828591637477  -6.282769E-19
3.65845188167268  -2.180406E-19
3.65861784697059  4.952665E-19
3.6587838122685  2.875190E-19
3.65894977756642  7.964930E-19
3.65911574286433  -2.691913E-19
3.65928170816224  1.387924E-19
3.65944767346016  2.492641E-19
3.65961363875807  5.974048E-19
3.65977960405598  4.976157E-19
3.65994556935389  3.584700E-19
3.66011153465181  3.175228E-19
3.66027749994972  3.668845E-19
3.66044346524763  -9.119348E-20
3.66060943054555  5.016861E-19
3.66077539584346  2.167486E-19
3.66094136114137  7.231836E-19
3.66110732643929  -2.938372E-19
3.6612732917372  -4.413391E-19
3.66143925703511  4.961229E-19
3.66160522233302  -4.108554E-20
3.66177118763094  6.324133E-19
3.66193715292885  2.149849E-19
3.66210311822676  3.039195E-19
3.66226908352468  1.068293E-19
3.66243504882259  6.297733E-20
3.6626010141205  7.930882E-19
3.66276697941842  -7.456708E-19
3.66293294471633  4.794304E-19
3.66309891001424  3.704770E-19
3.66326487531215  -1.590185E-20
3.66343084061007  -4.273709E-19
3.66359680590798  4.452962E-19
3.66376277120589  2.556554E-19
3.66392873650381  2.072938E-19
3.66409470180172  -5.474954E-19
3.66426066709963  8.413913E-20
3.66442663239755  -9.826546E-20
3.66459259769546  3.830226E-19
3.66475856299337  -4.147428E-19
3.66492452829128  5.459410E-19
3.6650904935892  9.720518E-21
3.66525645888711  5.529932E-19
3.66542242418502  -2.691130E-19
3.66558838948294  2.219393E-19
3.66575435478085  -4.794463E-19
3.66592032007876  1.292046E-19
3.66608628537668  1.848851E-19
3.66625225067459  1.956752E-19
3.6664182159725  9.350960E-19
3.66658418127041  -4.406372E-19
3.66675014656833  1.845798E-19
3.66691611186624  1.872016E-20
3.66708207716415  -4.677107E-19
3.66724804246207  5.593882E-19
3.66741400775998  -2.527879E-19
3.66757997305789  -1.450969E-19
3.66774593835581  3.057039E-19
3.66791190365372  1.303512E-20
3.66807786895163  4.216872E-19
3.66824383424954  -3.289534E-19
3.66840979954746  8.412612E-20
3.66857576484537  1.731076E-19
3.66874173014328  3.921934E-19
3.6689076954412  1.618815E-19
3.66907366073911  4.438450E-19
3.66923962603702  2.574996E-19
3.66940559133494  4.886384E-20
3.66957155663285  1.320299E-19
3.66973752193076  -1.339521E-19
3.66990348722868  -2.377623E-19
3.67006945252659  -5.973009E-20
3.6702354178245  2.936517E-19
3.67040138312241  1.453527E-19
3.67056734842033  -1.811371E-19
3.67073331371824  -3.631141E-19
3.67089927901615  2.237334E-19
3.67106524431407  -4.612610E-19
3.67123120961198  -5.728700E-20
3.67139717490989  2.110988E-19
3.6715631402078  -3.484230E-19
3.67172910550572  -3.243449E-19
3.67189507080363  2.294992E-19
3.67206103610154  -3.160797E-19
3.67222700139946  -1.759547E-19
3.67239296669737  3.873812E-19
3.67255893199528  -6.363284E-19
3.6727248972932  -3.359687E-20
3.67289086259111  -3.829658E-19
3.67305682788902  -7.443902E-21
3.67322279318694  -1.605754E-19
3.67338875848485  7.643042E-19
3.67355472378276  4.780343E-21
3.67372068908067  3.482224E-19
3.67388665437859  -2.946262E-19
3.6740526196765  3.066987E-19
3.67421858497441  -1.152687E-19
3.67438455027233  3.603377E-19
3.67455051557024  -3.752882E-20
3.67471648086815  9.814064E-20
3.67488244616606  -3.489589E-19
3.67504841146398  -4.643899E-19
3.67521437676189  8.695605E-19
3.6753803420598  -1.140936E-19
3.67554630735772  2.737533E-20
3.67571227265563  -6.993792E-20
3.67587823795354  3.205272E-19
3.67604420325146  -1.915122E-20
3.67621016854937  -4.133448E-19
3.67637613384728  -2.884303E-19
3.67654209914519  -9.003557E-20
3.67670806444311  -2.431482E-20
3.67687402974102  -2.775513E-19
3.67703999503893  -4.034372E-19
3.67720596033685  8.955106E-20
3.67737192563476  -4.218069E-19
3.67753789093267  5.782463E-20
3.67770385623059  1.881013E-19
3.6778698215285  3.132671E-20
3.67803578682641  -1.865152E-19
3.67820175212432  6.859701E-19
3.67836771742224  1.747161E-19
3.67853368272015  -7.143873E-20
3.67869964801806  3.610505E-19
3.67886561331598  -2.223881E-20
3.67903157861389  -1.783237E-19
3.6791975439118  -1.647600E-19
3.67936350920972  2.420603E-21
3.67952947450763  1.622987E-19
3.67969543980554  4.139943E-19
3.67986140510345  2.139918E-19
3.68002737040137  -8.312278E-20
3.68019333569928  -5.370402E-19
3.68035930099719  2.862745E-19
3.68052526629511  2.270287E-19
3.68069123159302  -2.355026E-20
3.68085719689093  -1.308603E-19
3.68102316218885  1.703851E-19
3.68118912748676  7.840215E-21
3.68135509278467  -1.613739E-19
3.68152105808259  -2.336106E-20
3.6816870233805  4.180825E-19
3.68185298867841  3.176589E-20
3.68201895397632  -5.332881E-20
3.68218491927424  7.108437E-20
3.68235088457215  2.630664E-19
3.68251684987006  -1.471625E-19
3.68268281516798  2.741205E-19
3.68284878046589  -2.904780E-19
3.6830147457638  1.922469E-19
3.68318071106171  1.859712E-19
3.68334667635963  -7.015770E-20
3.68351264165754  -2.042273E-19
3.68367860695545  1.105221E-20
3.68384457225337  1.198042E-19
3.68401053755128  2.819519E-19
3.68417650284919  -2.076565E-19
3.68434246814711  -2.608837E-19
3.68450843344502  2.203372E-20
3.68467439874293  3.846862E-20
3.68484036404085  2.023550E-19
3.68500632933876  3.505481E-19
3.68517229463667  1.811516E-19
3.68533825993458  -1.908896E-20
3.6855042252325  5.039629E-20
3.68567019053041  3.340678E-20
3.68583615582832  9.275180E-20
3.68600212112624  8.420747E-20
3.68616808642415  -1.627587E-19
3.68633405172206  -5.687320E-20
3.68650001701997  -1.754243E-19
3.68666598231789  6.111935E-20
3.6868319476158  1.755412E-20
3.68699791291371  -3.345773E-19
3.68716387821163  3.770480E-19
3.68732984350954  -4.013125E-19
3.68749580880745  7.238342E-20
3.68766177410537  1.108700E-20
3.68782773940328  2.438743E-19
3.68799370470119  -7.400008E-20
3.6881596699991  4.297854E-19
3.68832563529702  1.152388E-19
3.68849160059493  3.997848E-20
3.68865756589284  1.478064E-19
3.68882353119076  4.283932E-19
3.68898949648867  1.759821E-19
3.68915546178658  -3.947714E-19
3.6893214270845  -2.259188E-19
3.68948739238241  1.573841E-19
3.68965335768032  1.344576E-20
3.68981932297824  -3.292155E-19
3.68998528827615  3.772811E-20
3.69015125357406  4.318716E-19
3.69031721887197  2.150840E-19
3.69048318416989  -1.649943E-19
3.6906491494678  1.103405E-19
3.69081511476571  4.819243E-19
3.69098108006363  -1.762873E-19
3.69114704536154  -3.403236E-19
3.69131301065945  3.270646E-19
3.69147897595736  4.307403E-19
3.69164494125528  -2.924233E-19
3.69181090655319  -6.897161E-19
3.6919768718511  1.088506E-19
3.69214283714902  7.469141E-20
3.69230880244693  -5.122087E-19
3.69247476774484  6.746165E-19
3.69264073304276  -2.281293E-19
3.69280669834067  3.040799E-19
3.69297266363858  -2.989827E-19
3.69313862893649  5.238170E-19
3.69330459423441  -1.478083E-19
3.69347055953232  -7.887031E-20
3.69363652483023  -1.667945E-19
3.69380249012815  8.885381E-19
3.69396845542606  -6.826900E-20
3.69413442072397  -5.062209E-19
3.69430038602189  3.466998E-19
3.6944663513198  -2.442384E-20
3.69463231661771  -3.632852E-19
3.69479828191562  -4.886598E-21
3.69496424721354  5.536741E-20
3.69513021251145  1.920820E-19
3.69529617780936  -1.664655E-19
3.69546214310728  4.161028E-20
3.69562810840519  -2.895374E-19
3.6957940737031  -3.670239E-20
3.69596003900102  2.957571E-19
3.69612600429893  3.438528E-19
3.69629196959684  -2.378088E-19
3.69645793489476  -2.857959E-19
3.69662390019267  -1.636546E-19
3.69678986549058  2.423143E-19
3.69695583078849  3.093784E-20
3.69712179608641  -9.582345E-20
3.69728776138432  4.071218E-19
3.69745372668223  3.018516E-19
3.69761969198015  4.731321E-19
3.69778565727806  -3.059550E-19
3.69795162257597  -1.094374E-19
3.69811758787388  -6.194747E-19
3.6982835531718  -4.238033E-20
3.69844951846971  5.036237E-20
3.69861548376762  1.146230E-19
3.69878144906554  -6.014027E-19
3.69894741436345  -5.482506E-19
3.69911337966136  1.383662E-19
3.69927934495928  2.693472E-19
3.69944531025719  -7.568052E-20
3.6996112755551  -1.459926E-20
3.69977724085301  5.501841E-19
3.69994320615093  1.225223E-19
3.70010917144884  1.785379E-19
3.70027513674675  7.172683E-19
3.70044110204467  2.853960E-19
3.70060706734258  -3.000312E-19
3.70077303264049  -4.764089E-19
3.70093899793841  -5.524763E-19
3.70110496323632  -1.257163E-19
3.70127092853423  2.628254E-19
3.70143689383215  -5.282102E-19
3.70160285913006  -1.456949E-19
3.70176882442797  1.523521E-19
3.70193478972588  -4.424709E-19
3.7021007550238  -1.543023E-19
3.70226672032171  -6.653314E-20
3.70243268561962  -3.376293E-19
3.70259865091754  4.636432E-19
3.70276461621545  -1.108369E-19
3.70293058151336  4.755567E-20
3.70309654681127  1.039025E-19
3.70326251210919  -5.410670E-20
3.7034284774071  -4.674590E-20
3.70359444270501  -2.450820E-19
3.70376040800293  -2.089305E-19
3.70392637330084  -1.919494E-20
3.70409233859875  -2.818253E-19
3.70425830389667  3.738486E-19
3.70442426919458  2.685144E-19
3.70459023449249  -3.414950E-19
3.7047561997904  -1.379290E-19
3.70492216508832  1.534513E-19
3.70508813038623  -1.901813E-19
3.70525409568414  -1.038760E-19
3.70542006098206  -2.786855E-20
3.70558602627997  -5.040250E-20
3.70575199157788  5.447155E-19
3.7059179568758  -4.866167E-20
3.70608392217371  -2.089765E-19
3.70624988747162  2.160340E-19
3.70641585276953  1.225705E-19
3.70658181806745  6.162316E-19
3.70674778336536  2.812224E-19
3.70691374866327  -2.249135E-19
3.70707971396119  2.856981E-19
3.7072456792591  -4.942372E-19
3.70741164455701  -2.033014E-19
3.70757760985493  2.495210E-19
3.70774357515284  -1.477508E-19
3.70790954045075  4.334381E-20
3.70807550574866  1.298673E-19
3.70824147104658  -3.088843E-19
3.70840743634449  7.027904E-20
3.7085734016424  3.926327E-19
3.70873936694032  -2.774019E-19
3.70890533223823  -1.122837E-19
3.70907129753614  -1.146942E-19
3.70923726283406  1.535492E-19
3.70940322813197  -2.090611E-20
3.70956919342988  3.133940E-19
3.7097351587278  8.352101E-20
3.70990112402571  -5.518754E-19
3.71006708932362  -2.102333E-19
3.71023305462153  1.035823E-19
3.71039901991945  8.692845E-20
3.71056498521736  -3.239090E-19
3.71073095051527  -2.412431E-20
3.71089691581319  -1.752311E-19
3.7110628811111  3.284977E-20
3.71122884640901  7.804236E-20
3.71139481170692  -2.732063E-19
3.71156077700484  4.772401E-19
3.71172674230275  4.224169E-20
3.71189270760066  4.386068E-19
3.71205867289858  -3.224610E-20
3.71222463819649  -3.969904E-19
3.7123906034944  -1.604781E-19
3.71255656879232  1.176725E-19
3.71272253409023  -7.222993E-20
3.71288849938814  1.320310E-19
3.71305446468606  1.709890E-19
3.71322042998397  -1.662831E-22
3.71338639528188  2.557029E-19
3.71355236057979  1.470690E-19
3.71371832587771  -2.059614E-19
3.71388429117562  7.601501E-19
3.71405025647353  -4.482480E-19
3.71421622177145  -1.872906E-19
3.71438218706936  3.569239E-20
3.71454815236727  9.345218E-20
3.71471411766518  1.296620E-20
3.7148800829631  2.795247E-19
3.71504604826101  -2.242892E-19
3.71521201355892  -5.567056E-19
3.71537797885684  4.770214E-20
3.71554394415475  1.444847E-19
3.71570990945266  -9.563658E-22
3.71587587475058  2.642021E-19
3.71604184004849  2.214972E-19
3.7162078053464  -5.499206E-19
3.71637377064431  6.836403E-20
3.71653973594223  1.793271E-20
3.71670570124014  4.489016E-21
3.71687166653805  3.530711E-19
3.71703763183597  5.767856E-20
3.71720359713388  2.412047E-19
3.71736956243179  -1.745282E-19
3.71753552772971  -2.723363E-19
3.71770149302762  9.425234E-20
3.71786745832553  1.449096E-19
3.71803342362344  3.709961E-19
3.71819938892136  2.402701E-19
3.71836535421927  -8.964098E-20
3.71853131951718  1.506269E-19
3.7186972848151  3.317311E-19
3.71886325011301  -2.352602E-19
3.71902921541092  1.090040E-19
3.71919518070884  3.247294E-19
3.71936114600675  4.461080E-19
3.71952711130466  2.272993E-19
3.71969307660257  3.876713E-19
3.71985904190049  -3.984535E-20
3.7200250071984  4.300070E-19
3.72019097249631  -6.788412E-20
3.72035693779423  -2.486570E-19
3.72052290309214  5.396664E-20
3.72068886839005  -4.881082E-19
3.72085483368797  1.189607E-19
3.72102079898588  3.374885E-20
3.72118676428379  -1.095364E-19
3.72135272958171  2.464653E-19
3.72151869487962  -8.855192E-20
3.72168466017753  -3.008698E-20
3.72185062547544  -6.342751E-20
3.72201659077336  1.809216E-20
3.72218255607127  -1.983296E-19
3.72234852136918  2.219409E-19
3.7225144866671  2.094536E-19
3.72268045196501  4.563059E-19
3.72284641726292  9.388572E-20
3.72301238256083  5.001829E-20
3.72317834785875  4.196803E-19
3.72334431315666  5.400963E-19
3.72351027845457  -4.479394E-20
3.72367624375249  4.235221E-20
3.7238422090504  1.270291E-19
3.72400817434831  2.824394E-19
3.72417413964623  -3.522506E-19
3.72434010494414  -3.077284E-19
3.72450607024205  -2.192724E-20
3.72467203553997  -1.362068E-19
3.72483800083788  -2.321178E-19
3.72500396613579  -6.592914E-20
3.7251699314337  -3.400269E-19
3.72533589673162  1.254883E-21
3.72550186202953  9.239278E-20
3.72566782732744  -2.338239E-19
3.72583379262536  3.213684E-19
3.72599975792327  -1.072345E-19
3.72616572322118  -2.138916E-19
3.72633168851909  1.679734E-20
3.72649765381701  3.760879E-19
3.72666361911492  1.912665E-19
3.72682958441283  -5.066103E-19
3.72699554971075  3.611101E-19
3.72716151500866  -4.562636E-19
3.72732748030657  -2.090852E-19
3.72749344560449  4.929088E-19
3.7276594109024  -2.593910E-21
3.72782537620031  3.244948E-19
3.72799134149822  2.643876E-20
3.72815730679614  -6.407801E-19
3.72832327209405  2.440780E-19
3.72848923739196  1.825050E-19
3.72865520268988  -2.137696E-19
3.72882116798779  4.814889E-19
3.7289871332857  1.326739E-19
3.72915309858362  -9.627028E-20
3.72931906388153  -7.512355E-20
3.72948502917944  4.422909E-19
3.72965099447735  -1.258022E-19
3.72981695977527  1.281153E-19
3.72998292507318  1.579234E-19
3.73014889037109  2.931517E-20
3.73031485566901  -5.499810E-20
3.73048082096692  -1.002966E-19
3.73064678626483  2.561966E-19
3.73081275156275  3.198852E-19
3.73097871686066  -9.448267E-20
3.73114468215857  2.189103E-19
3.73131064745648  2.228124E-20
3.7314766127544  -7.428691E-20
3.73164257805231  -4.720361E-19
3.73180854335022  3.857815E-19
3.73197450864814  1.263259E-19
3.73214047394605  -3.683282E-19
3.73230643924396  -4.400043E-19
3.73247240454188  3.679493E-20
3.73263836983979  -7.549546E-20
3.7328043351377  3.631889E-19
3.73297030043562  -2.904808E-21
3.73313626573353  1.252797E-19
3.73330223103144  -2.180066E-19
3.73346819632935  6.359385E-20
3.73363416162727  -6.553423E-19
3.73380012692518  9.548261E-20
3.73396609222309  2.083397E-19
3.73413205752101  -1.096072E-19
3.73429802281892  1.051212E-19
3.73446398811683  -2.670989E-19
3.73462995341474  4.631839E-20
3.73479591871266  4.668679E-19
3.73496188401057  3.099511E-20
3.73512784930848  1.219744E-19
3.7352938146064  3.343716E-19
3.73545977990431  -1.226404E-19
3.73562574520222  -4.772697E-20
3.73579171050014  -3.504525E-20
3.73595767579805  3.225002E-19
3.73612364109596  -3.576661E-19
3.73628960639388  -1.264410E-19
3.73645557169179  -4.148792E-19
3.7366215369897  -3.193452E-20
3.73678750228761  -3.579306E-20
3.73695346758553  2.717487E-21
3.73711943288344  6.801146E-20
3.73728539818135  3.892568E-19
3.73745136347927  -2.722159E-19
3.73761732877718  1.209685E-19
3.73778329407509  -2.079637E-19
3.737949259373  -2.256031E-19
3.73811522467092  -1.289067E-19
3.73828118996883  1.920241E-19
3.73844715526674  8.780161E-20
3.73861312056466  -2.796584E-19
3.73877908586257  -5.366303E-20
3.73894505116048  2.504226E-19
3.7391110164584  6.521697E-20
3.73927698175631  2.765496E-19
3.73944294705422  2.585953E-19
3.73960891235213  1.835482E-19
3.73977487765005  1.170079E-19
3.73994084294796  -2.269368E-19
3.74010680824587  6.830439E-20
3.74027277354379  1.531398E-19
3.7404387388417  -3.188746E-19
3.74060470413961  -1.947954E-19
3.74077066943753  -3.338977E-19
3.74093663473544  -2.120418E-19
3.74110260003335  1.591901E-19
3.74126856533127  2.453987E-19
3.74143453062918  -4.809260E-19
3.74160049592709  -1.396569E-19
3.741766461225  4.679316E-20
3.74193242652292  3.104472E-19
3.74209839182083  -9.568197E-20
3.74226435711874  -5.624616E-20
3.74243032241666  -9.973677E-20
3.74259628771457  -6.926980E-20
3.74276225301248  -1.594551E-19
3.74292821831039  -2.545873E-19
3.74309418360831  -7.164270E-20
3.74326014890622  7.569512E-20
3.74342611420413  1.700999E-19
3.74359207950205  2.792302E-19
3.74375804479996  1.807151E-19
3.74392401009787  4.024794E-20
3.74408997539579  -1.138791E-19
3.7442559406937  -4.510727E-20
3.74442190599161  -2.048341E-19
3.74458787128953  -3.185725E-19
3.74475383658744  -8.128997E-20
3.74491980188535  3.399113E-19
3.74508576718326  -3.346229E-19
3.74525173248118  -3.244590E-20
3.74541769777909  2.851609E-19
3.745583663077  -1.623723E-20
3.74574962837492  1.913348E-20
3.74591559367283  -2.053690E-19
3.74608155897074  2.514761E-19
3.74624752426865  1.014072E-19
3.74641348956657  -3.094697E-19
3.74657945486448  6.667021E-20
3.74674542016239  -3.526620E-19
3.74691138546031  -6.005866E-20
3.74707735075822  2.572889E-19
3.74724331605613  -6.433026E-20
3.74740928135405  1.285138E-21
3.74757524665196  -9.970204E-20
3.74774121194987  3.907208E-19
3.74790717724779  -1.691809E-19
3.7480731425457  1.795636E-19
3.74823910784361  1.375270E-19
3.74840507314152  -2.698778E-19
3.74857103843944  1.100503E-19
3.74873700373735  3.195542E-19
3.74890296903526  1.702595E-19
3.74906893433318  -2.375572E-19
3.74923489963109  -1.758259E-19
3.749400864929  -1.694658E-19
3.74956683022691  -3.758050E-20
3.74973279552483  -1.819593E-19
3.74989876082274  -2.276895E-19
3.75006472612065  -1.075592E-19
3.75023069141857  2.324484E-19
3.75039665671648  -2.274869E-20
3.75056262201439  -1.336363E-19
3.75072858731231  -3.093304E-19
3.75089455261022  -1.932004E-20
3.75106051790813  -6.714393E-20
3.75122648320604  -2.502599E-20
3.75139244850396  7.088724E-20
3.75155841380187  3.733454E-19
3.75172437909978  -2.232480E-19
3.7518903443977  -2.773335E-19
3.75205630969561  -9.546578E-20
3.75222227499352  9.486839E-20
3.75238824029144  -4.454492E-20
3.75255420558935  1.262936E-19
3.75272017088726  5.190625E-20
3.75288613618518  1.178701E-19
3.75305210148309  -3.921280E-21
3.753218066781  -1.797360E-19
3.75338403207891  -1.875845E-19
3.75354999737683  -2.468603E-21
3.75371596267474  7.949829E-20
3.75388192797265  3.418997E-20
3.75404789327057  -3.110609E-19
3.75421385856848  -1.765768E-19
3.75437982386639  3.504673E-20
3.7545457891643  -3.869181E-20
3.75471175446222  -1.822280E-19
3.75487771976013  1.684393E-19
3.75504368505804  -2.413720E-20
3.75520965035596  -1.197767E-19
3.75537561565387  3.692002E-19
3.75554158095178  2.088795E-19
3.7557075462497  2.344702E-19
3.75587351154761  2.714837E-19
3.75603947684552  -5.398530E-20
3.75620544214343  -1.230024E-19
3.75637140744135  -6.023205E-20
3.75653737273926  1.035721E-19
3.75670333803717  -4.812291E-20
3.75686930333509  1.268461E-19
3.757035268633  1.812370E-20
3.75720123393091  1.076547E-19
3.75736719922883  1.269125E-19
3.75753316452674  -1.514512E-19
3.75769912982465  -9.556809E-20
3.75786509512256  1.846280E-19
3.75803106042048  2.025023E-20
3.75819702571839  9.902821E-20
3.7583629910163  1.106475E-19
3.75852895631422  -2.869001E-19
3.75869492161213  -2.153806E-19
3.75886088691004  -1.731271E-19
3.75902685220796  8.622622E-20
3.75919281750587  3.800200E-19
3.75935878280378  2.128629E-19
3.75952474810169  -8.416519E-20
3.75969071339961  7.290024E-20
3.75985667869752  3.123693E-19
3.76002264399543  5.523667E-20
3.76018860929335  3.447483E-19
3.76035457459126  -1.323077E-19
3.76052053988917  1.403359E-19
3.76068650518709  9.867193E-20
3.760852470485  -1.568616E-19
3.76101843578291  9.086294E-20
3.76118440108082  -3.470414E-19
3.76135036637874  1.534454E-19
3.76151633167665  2.898947E-19
3.76168229697456  -1.596641E-19
3.76184826227248  -1.043884E-19
3.76201422757039  -2.059337E-19
3.7621801928683  1.966679E-19
3.76234615816622  -5.219411E-20
3.76251212346413  2.843536E-19
3.76267808876204  6.803135E-20
3.76284405405995  -3.523076E-20
3.76301001935787  4.872660E-20
3.76317598465578  -2.156713E-19
3.76334194995369  9.444333E-20
3.76350791525161  1.303760E-19
3.76367388054952  1.864862E-19
3.76383984584743  -2.883119E-19
3.76400581114535  5.173730E-20
3.76417177644326  2.832110E-22
3.76433774174117  1.504893E-19
3.76450370703909  -9.888051E-20
3.764669672337  -1.934870E-19
3.76483563763491  5.245972E-19
3.76500160293282  -6.112920E-20
3.76516756823074  -3.045918E-19
3.76533353352865  -1.717834E-19
3.76549949882656  7.747105E-20
3.76566546412448  1.220843E-19
3.76583142942239  -9.543207E-20
3.7659973947203  1.625296E-19
3.76616336001821  -3.300164E-20
3.76632932531613  -1.921567E-19
3.76649529061404  -8.777785E-20
3.76666125591195  -5.981837E-19
3.76682722120987  -1.537677E-20
3.76699318650778  -1.693612E-20
3.76715915180569  -1.696931E-19
3.76732511710361  4.585330E-19
3.76749108240152  1.619432E-19
3.76765704769943  1.099542E-19
3.76782301299734  -3.910780E-19
3.76798897829526  1.916423E-19
3.76815494359317  2.171179E-19
3.76832090889108  1.506435E-19
3.768486874189  3.837918E-19
3.76865283948691  -1.705550E-19
3.76881880478482  -1.160528E-20
3.76898477008274  5.570628E-20
3.76915073538065  6.826340E-20
3.76931670067856  1.136777E-19
3.76948266597647  3.054374E-19
3.76964863127439  4.491239E-19
3.7698145965723  -9.012255E-21
3.76998056187021  7.365780E-20
3.77014652716813  1.151090E-19
3.77031249246604  3.010992E-19
3.77047845776395  3.831352E-20
3.77064442306187  5.489852E-19
3.77081038835978  7.282070E-20
3.77097635365769  1.879551E-19
3.7711423189556  -1.102539E-19
3.77130828425352  2.906433E-19
3.77147424955143  5.609982E-19
3.77164021484934  -1.600274E-19
3.77180618014726  -5.168847E-19
3.77197214544517  -1.642141E-19
3.77213811074308  9.883113E-20
3.772304076041  -3.707162E-19
3.77247004133891  -2.810713E-19
3.77263600663682  -5.453358E-20
3.77280197193474  -6.443310E-19
3.77296793723265  -3.881794E-19
3.77313390253056  -7.372430E-20
3.77329986782847  2.551426E-19
3.77346583312639  -1.574492E-19
3.7736317984243  -2.733225E-19
3.77379776372221  2.394827E-19
3.77396372902013  1.097366E-19
3.77412969431804  -8.707459E-20
3.77429565961595  -1.907177E-19
3.77446162491386  -5.737628E-20
3.77462759021178  -5.760619E-19
3.77479355550969  -5.558035E-20
3.7749595208076  1.490684E-19
3.77512548610552  1.477831E-19
3.77529145140343  3.081716E-19
3.77545741670134  1.859465E-19
3.77562338199926  3.045324E-19
3.77578934729717  8.816370E-21
3.77595531259508  1.743679E-19
3.776121277893  -2.229591E-19
3.77628724319091  -1.157169E-19
3.77645320848882  2.539494E-19
3.77661917378673  -1.199797E-21
3.77678513908465  -3.183580E-19
3.77695110438256  2.517825E-20
3.77711706968047  -1.734546E-19
3.77728303497839  7.076866E-20
3.7774490002763  9.017660E-20
3.77761496557421  -6.539004E-20
3.77778093087212  -1.858028E-19
3.77794689617004  1.501740E-20
3.77811286146795  -6.378775E-21
3.77827882676586  -7.534103E-20
3.77844479206378  1.554306E-19
3.77861075736169  8.374688E-20
3.7787767226596  1.459977E-20
3.77894268795752  3.063736E-20
3.77910865325543  -2.279160E-19
3.77927461855334  -1.558588E-19
3.77944058385125  8.402440E-20
3.77960654914917  1.237642E-19
3.77977251444708  3.465758E-20
3.77993847974499  -6.791700E-20
3.78010444504291  2.152699E-19
3.78027041034082  -2.218660E-19
3.78043637563873  -5.967435E-20
3.78060234093665  4.470803E-20
3.78076830623456  -4.148394E-20
3.78093427153247  1.988337E-19
3.78110023683038  -1.321470E-19
3.7812662021283  3.358486E-19
3.78143216742621  -2.080962E-19
3.78159813272412  -1.522442E-19
3.78176409802204  -3.909406E-20
3.78193006331995  -1.184116E-19
3.78209602861786  -8.710621E-20
3.78226199391578  -1.388433E-19
3.78242795921369  5.986081E-20
3.7825939245116  -3.391235E-20
3.78275988980951  -2.822382E-19
3.78292585510743  -1.020453E-19
3.78309182040534  1.381923E-19
3.78325778570325  5.571361E-21
3.78342375100117  5.237493E-20
3.78358971629908  -8.374823E-20
3.78375568159699  -2.682182E-19
3.78392164689491  -7.977829E-20
3.78408761219282  1.181626E-19
3.78425357749073  3.251968E-19
3.78441954278865  4.421562E-20
3.78458550808656  -9.642520E-20
3.78475147338447  3.191764E-19
3.78491743868238  2.065336E-19
3.7850834039803  -2.119722E-20
3.78524936927821  1.600626E-20
3.78541533457612  -2.826744E-19
3.78558129987404  -1.691089E-19
3.78574726517195  -3.150846E-19
3.78591323046986  -1.206277E-19
3.78607919576777  -3.419887E-20
3.78624516106569  1.691039E-19
3.7864111263636  1.708471E-19
3.78657709166151  3.215831E-19
3.78674305695943  1.622114E-21
3.78690902225734  -2.080492E-20
3.78707498755525  1.384913E-19
3.78724095285317  -3.420982E-20
3.78740691815108  -2.446057E-19
3.78757288344899  -4.468199E-20
3.78773884874691  9.282016E-20
3.78790481404482  1.185971E-19
3.78807077934273  8.743547E-20
3.78823674464064  -1.458194E-19
3.78840270993856  4.932064E-21
3.78856867523647  -9.550649E-20
3.78873464053438  2.040416E-19
3.7889006058323  5.717054E-20
3.78906657113021  5.007020E-20
3.78923253642812  -1.040092E-20
3.78939850172603  -2.310922E-20
3.78956446702395  5.244524E-20
3.78973043232186  -1.149796E-19
3.78989639761977  5.554295E-20
3.79006236291769  -3.890536E-21
3.7902283282156  -9.883726E-20
3.79039429351351  1.102058E-19
3.79056025881143  -1.703890E-19
3.79072622410934  1.381286E-19
3.79089218940725  -1.570900E-20
3.79105815470516  -4.240566E-20
3.79122412000308  5.656858E-20
3.79139008530099  -2.459167E-20
3.7915560505989  1.128829E-19
3.79172201589682  1.428225E-20
3.79188798119473  4.706499E-19
3.79205394649264  3.738038E-20
3.79221991179056  1.275770E-19
3.79238587708847  1.200822E-19
3.79255184238638  1.241430E-19
3.7927178076843  -8.692524E-20
3.79288377298221  -6.465629E-20
3.79304973828012  2.876765E-20
3.79321570357803  -1.763483E-19
3.79338166887595  2.617339E-19
3.79354763417386  -3.301051E-20
3.79371359947177  2.532038E-20
3.79387956476969  3.756292E-19
3.7940455300676  -5.904331E-20
3.79421149536551  3.837933E-19
3.79437746066342  1.481820E-19
3.79454342596134  -1.541498E-19
3.79470939125925  -1.722497E-19
3.79487535655716  4.620626E-19
3.79504132185508  1.684192E-19
3.79520728715299  2.054937E-19
3.7953732524509  -3.048859E-19
3.79553921774882  -1.044610E-20
3.79570518304673  1.995499E-19
3.79587114834464  7.288018E-20
3.79603711364256  1.642528E-19
3.79620307894047  1.736480E-19
3.79636904423838  -2.313063E-19
3.79653500953629  -4.224466E-20
3.79670097483421  -2.249696E-19
3.79686694013212  1.117319E-19
3.79703290543003  2.372697E-19
3.79719887072795  -3.155618E-19
3.79736483602586  1.306137E-20
3.79753080132377  8.847190E-20
3.79769676662168  1.203098E-19
3.7978627319196  1.594092E-19
3.79802869721751  -6.232790E-20
3.79819466251542  -1.859814E-20
3.79836062781334  1.362586E-19
3.79852659311125  -1.125740E-19
3.79869255840916  -3.161782E-20
3.79885852370708  8.570394E-20
3.79902448900499  9.785410E-20
3.7991904543029  1.925562E-19
3.79935641960082  -2.862835E-19
3.79952238489873  -2.654815E-20
3.79968835019664  1.118005E-19
3.79985431549455  -2.640757E-19
3.80002028079247  4.851462E-20
3.80018624609038  1.437757E-20
3.80035221138829  7.383769E-20
3.80051817668621  1.266425E-19
3.80068414198412  9.338340E-20
3.80085010728203  1.458038E-19
3.80101607257994  6.616390E-20
3.80118203787786  -2.180878E-19
3.80134800317577  1.878846E-19
3.80151396847368  1.851689E-19
3.8016799337716  -9.846031E-22
3.80184589906951  2.494073E-19
3.80201186436742  1.522403E-19
3.80217782966534  1.301980E-19
3.80234379496325  1.474195E-19
3.80250976026116  8.394133E-20
3.80267572555907  6.829405E-20
3.80284169085699  -2.237632E-20
3.8030076561549  -1.988580E-19
3.80317362145281  1.228012E-19
3.80333958675073  -2.720940E-19
3.80350555204864  1.718021E-19
3.80367151734655  4.767290E-20
3.80383748264447  -1.558581E-19
3.80400344794238  -1.034681E-19
3.80416941324029  2.531747E-19
3.80433537853821  1.892605E-19
3.80450134383612  -9.505547E-20
3.80466730913403  -3.525438E-20
3.80483327443194  -6.425958E-20
3.80499923972986  -5.016422E-20
3.80516520502777  -9.703485E-20
3.80533117032568  4.718067E-21
3.8054971356236  5.111028E-20
3.80566310092151  -6.355405E-20
3.80582906621942  -2.321137E-19
3.80599503151733  2.908243E-19
3.80616099681525  1.974381E-19
3.80632696211316  2.016144E-19
3.80649292741107  1.098576E-19
3.80665889270899  3.228333E-19
3.8068248580069  1.034033E-19
3.80699082330481  5.722646E-20
3.80715678860273  -7.435707E-20
3.80732275390064  -9.168968E-20
3.80748871919855  1.735425E-19
3.80765468449646  1.735789E-19
3.80782064979438  1.467885E-19
3.80798661509229  -3.289408E-19
3.8081525803902  1.768106E-19
3.80831854568812  2.352411E-19
3.80848451098603  -1.303751E-19
3.80865047628394  -4.403700E-19
3.80881644158186  -5.240906E-20
3.80898240687977  2.551579E-19
3.80914837217768  -2.840534E-20
3.80931433747559  -6.102010E-20
3.80948030277351  2.454927E-19
3.80964626807142  1.462865E-19
3.80981223336933  1.558983E-19
3.80997819866725  4.317645E-20
3.81014416396516  -1.184138E-19
3.81031012926307  -1.999726E-20
3.81047609456099  2.254906E-19
3.8106420598589  -7.866199E-20
3.81080802515681  7.775864E-20
3.81097399045473  6.198031E-20
3.81113995575264  -1.261276E-19
3.81130592105055  -5.292037E-20
3.81147188634846  -3.429866E-19
3.81163785164638  7.119262E-20
3.81180381694429  2.579409E-19
3.8119697822422  2.938524E-19
3.81213574754012  -1.700273E-20
3.81230171283803  -3.463016E-19
3.81246767813594  -4.443480E-19
3.81263364343385  -9.125167E-20
3.81279960873177  -5.334493E-19
3.81296557402968  1.494527E-19
3.81313153932759  2.477589E-19
3.81329750462551  3.013438E-19
3.81346346992342  -9.340167E-20
3.81362943522133  -1.006538E-19
3.81379540051925  4.209489E-20
3.81396136581716  -3.332190E-19
3.81412733111507  -1.339404E-19
3.81429329641298  1.926503E-20
3.8144592617109  -1.887061E-19
3.81462522700881  1.168178E-20
3.81479119230672  2.559445E-19
3.81495715760464  -2.228716E-19
3.81512312290255  1.178155E-19
3.81528908820046  -1.161148E-21
3.81545505349838  3.136065E-19
3.81562101879629  3.062462E-19
3.8157869840942  2.051724E-19
3.81595294939212  -1.943872E-19
3.81611891469003  5.377838E-20
3.81628487998794  9.090977E-20
3.81645084528585  3.474823E-19
3.81661681058377  2.749351E-19
3.81678277588168  -2.858163E-19
3.81694874117959  -1.847966E-19
3.81711470647751  -1.026090E-19
3.81728067177542  -5.868181E-20
3.81744663707333  1.900639E-19
3.81761260237124  2.769645E-21
3.81777856766916  -1.034138E-19
3.81794453296707  1.530724E-19
3.81811049826498  2.135423E-19
3.8182764635629  -2.758164E-19
3.81844242886081  -3.790860E-20
3.81860839415872  1.152775E-19
3.81877435945664  -3.262769E-20
3.81894032475455  1.753177E-20
3.81910629005246  1.958251E-19
3.81927225535037  1.836362E-19
3.81943822064829  2.267123E-19
3.8196041859462  -1.277604E-19
3.81977015124411  -1.638915E-19
3.81993611654203  -1.779524E-19
3.82010208183994  1.915111E-19
3.82026804713785  9.508297E-21
3.82043401243577  1.023501E-19
3.82059997773368  1.446416E-19
3.82076594303159  -2.095120E-19
3.8209319083295  1.030414E-20
3.82109787362742  -9.679415E-20
3.82126383892533  1.179508E-19
3.82142980422324  -8.830781E-20
3.82159576952116  1.139435E-19
3.82176173481907  8.283663E-20
3.82192770011698  6.777890E-21
3.8220936654149  -1.425795E-19
3.82225963071281  -1.457211E-19
3.82242559601072  3.945121E-20
3.82259156130863  -9.802090E-20
3.82275752660655  7.107478E-20
3.82292349190446  -1.930759E-19
3.82308945720237  8.234448E-20
3.82325542250029  8.045319E-20
3.8234213877982  -4.038098E-20
3.82358735309611  1.479905E-19
3.82375331839403  1.184481E-19
3.82391928369194  -1.315336E-19
3.82408524898985  4.732817E-21
3.82425121428777  1.516143E-19
3.82441717958568  -1.505085E-19
3.82458314488359  -1.382830E-19
3.8247491101815  4.287795E-20
3.82491507547942  -4.070386E-19
3.82508104077733  2.431829E-20
3.82524700607524  1.356761E-20
3.82541297137316  1.131772E-20
3.82557893667107  -7.338664E-20
3.82574490196898  2.477973E-19
3.8259108672669  7.128588E-20
3.82607683256481  -1.472408E-19
3.82624279786272  7.884162E-20
3.82640876316063  5.069641E-20
3.82657472845855  -1.136003E-19
3.82674069375646  -7.823859E-20
3.82690665905437  9.801660E-20
3.82707262435229  -2.699796E-19
3.8272385896502  -5.088886E-20
3.82740455494811  -1.210900E-19
3.82757052024603  -2.534721E-19
3.82773648554394  -4.953433E-20
3.82790245084185  -9.157396E-20
3.82806841613976  -9.060731E-20
3.82823438143768  -8.463569E-20
3.82840034673559  1.036892E-19
3.8285663120335  3.161631E-20
3.82873227733142  1.065547E-19
3.82889824262933  7.876592E-20
3.82906420792724  2.378468E-19
3.82923017322515  -2.290496E-19
3.82939613852307  1.866961E-19
3.82956210382098  4.567675E-20
3.82972806911889  2.552259E-20
3.82989403441681  1.089958E-19
3.83005999971472  4.879800E-20
3.83022596501263  2.029552E-20
3.83039193031055  1.785366E-19
3.83055789560846  -5.045327E-20
3.83072386090637  -7.314966E-20
3.83088982620428  -1.345290E-19
3.8310557915022  9.442956E-20
3.83122175680011  -3.993576E-20
3.83138772209802  1.218612E-19
3.83155368739594  1.400679E-19
3.83171965269385  3.836637E-19
3.83188561799176  -6.939714E-20
3.83205158328968  2.603379E-19
3.83221754858759  -9.346649E-20
3.8323835138855  -2.887492E-20
3.83254947918341  -9.412111E-20
3.83271544448133  -2.835559E-21
3.83288140977924  -1.313644E-19
3.83304737507715  -5.746673E-20
3.83321334037507  -1.325232E-19
3.83337930567298  -1.340502E-19
3.83354527097089  9.576885E-20
3.83371123626881  -1.868494E-19
3.83387720156672  1.259795E-19
3.83404316686463  3.287362E-19
3.83420913216254  1.519051E-20
3.83437509746046  1.585571E-19
3.83454106275837  4.830400E-20
3.83470702805628  -1.683931E-19
3.8348729933542  -5.242899E-21
3.83503895865211  2.066918E-19
3.83520492395002  1.822957E-19
3.83537088924794  -2.669859E-19
3.83553685454585  -8.619006E-20
3.83570281984376  -3.316135E-21
3.83586878514168  -1.872208E-20
3.83603475043959  1.638098E-19
3.8362007157375  -8.470363E-20
3.83636668103541  9.057648E-22
3.83653264633333  1.935456E-19
3.83669861163124  7.886758E-20
3.83686457692915  -1.290175E-19
3.83703054222707  -3.509473E-20
3.83719650752498  -1.087915E-19
3.83736247282289  -1.249117E-19
3.8375284381208  1.046242E-19
3.83769440341872  6.178640E-20
3.83786036871663  2.233870E-19
3.83802633401454  2.597664E-19
3.83819229931246  9.928021E-20
3.83835826461037  -1.267588E-20
3.83852422990828  -1.917668E-20
3.8386901952062  2.972606E-20
3.83885616050411  9.811483E-20
3.83902212580202  -1.440777E-19
3.83918809109994  1.620058E-19
3.83935405639785  2.483488E-20
3.83952002169576  2.318879E-19
3.83968598699367  -2.385634E-19
3.83985195229159  -2.455219E-20
3.8400179175895  2.365291E-19
3.84018388288741  -3.577967E-20
3.84034984818533  -1.051881E-19
3.84051581348324  4.223374E-21
3.84068177878115  -1.042857E-19
3.84084774407906  -8.367510E-20
3.84101370937698  -6.935115E-21
3.84117967467489  2.245500E-20
3.8413456399728  -4.782267E-20
3.84151160527072  6.664635E-20
3.84167757056863  1.629977E-19
3.84184353586654  -6.585732E-20
3.84200950116446  3.668592E-20
3.84217546646237  2.389629E-19
3.84234143176028  -9.460279E-20
3.84250739705819  -5.559314E-20
3.84267336235611  -1.098592E-19
3.84283932765402  2.016094E-19
3.84300529295193  4.396816E-20
3.84317125824985  1.973738E-20
3.84333722354776  -1.585812E-19
3.84350318884567  -1.240827E-19
3.84366915414359  2.040207E-19
3.8438351194415  2.442421E-18
3.84400108473941  2.872209E-19
3.84416705003732  7.989798E-20
3.84433301533524  -3.704907E-20
3.84449898063315  2.469776E-19
3.84466494593106  2.751743E-19
3.84483091122898  1.709606E-19
3.84499687652689  -1.359061E-19
3.8451628418248  -6.287025E-21
3.84532880712272  -3.250436E-20
3.84549477242063  2.258604E-19
3.84566073771854  1.639685E-19
3.84582670301645  1.903512E-19
3.84599266831437  1.924884E-19
3.84615863361228  2.249313E-19
3.84632459891019  1.378759E-19
3.84649056420811  2.996147E-18
3.84665652950602  1.356634E-18
3.84682249480393  2.489491E-18
3.84698846010185  3.060951E-18
3.84715442539976  1.896809E-18
3.84732039069767  3.348221E-19
3.84748635599559  -3.076096E-20
3.8476523212935  2.026366E-19
3.84781828659141  2.108772E-20
3.84798425188932  6.797598E-19
3.84815021718724  5.790130E-19
3.84831618248515  -1.235139E-19
3.84848214778306  1.452758E-18
3.84864811308098  -2.578266E-19
3.84881407837889  5.230534E-20
3.8489800436768  1.425473E-19
3.84914600897471  2.163287E-19
3.84931197427263  5.855744E-19
3.84947793957054  6.392137E-18
3.84964390486845  1.297028E-18
3.84980987016637  1.303525E-19
3.84997583546428  2.200813E-19
3.85014180076219  1.158447E-19
3.85030776606011  8.593298E-20
3.85047373135802  6.609301E-19
3.85063969665593  3.682420E-18
3.85080566195385  4.423639E-20
3.85097162725176  -1.148559E-21
3.85113759254967  1.152306E-20
3.85130355784758  -1.626927E-19
3.8514695231455  -9.599202E-20
3.85163548844341  4.476642E-20
3.85180145374132  3.662403E-19
3.85196741903924  -2.115807E-19
3.85213338433715  1.880626E-18
3.85229934963506  2.527937E-18
3.85246531493297  1.474367E-18
3.85263128023089  6.405861E-19
3.8527972455288  1.967078E-18
3.85296321082671  3.075793E-19
3.85312917612463  2.276440E-19
3.85329514142254  -3.901127E-20
3.85346110672045  6.671278E-20
3.85362707201837  7.999536E-19
3.85379303731628  1.339377E-19
3.85395900261419  6.578651E-19
3.8541249679121  4.819599E-19
3.85429093321002  7.455206E-19
3.85445689850793  1.380858E-20
3.85462286380584  2.129457E-20
3.85478882910376  1.348212E-19
3.85495479440167  6.428278E-20
3.85512075969958  1.260740E-19
3.8552867249975  6.245071E-20
3.85545269029541  1.744725E-20
3.85561865559332  1.260696E-19
3.85578462089124  1.961884E-20
3.85595058618915  2.867241E-19
3.85611655148706  1.397461E-19
3.85628251678497  -5.470312E-20
3.85644848208289  2.069716E-19
3.8566144473808  2.342755E-19
3.85678041267871  -7.135293E-20
3.85694637797663  3.257066E-19
3.85711234327454  -1.340564E-19
3.85727830857245  9.309467E-20
3.85744427387036  6.331929E-20
3.85761023916828  -8.880451E-20
3.85777620446619  -1.500253E-19
3.8579421697641  1.459038E-19
3.85810813506202  -8.140798E-20
3.85827410035993  -2.039986E-19
3.85844006565784  2.093889E-20
3.85860603095576  1.851306E-19
3.85877199625367  4.276304E-20
3.85893796155158  -9.028942E-20
3.8591039268495  2.247605E-19
3.85926989214741  -1.203473E-20
3.85943585744532  -2.045810E-19
3.85960182274323  -9.960232E-20
3.85976778804115  1.097656E-19
3.85993375333906  1.514931E-19
3.86009971863697  -7.079903E-20
3.86026568393489  -1.785885E-19
3.8604316492328  1.274594E-19
3.86059761453071  1.793495E-19
3.86076357982862  -6.678148E-20
3.86092954512654  -1.374945E-19
3.86109551042445  -2.726472E-20
3.86126147572236  -3.515137E-19
3.86142744102028  -1.818286E-20
3.86159340631819  4.671940E-20
3.8617593716161  -4.807123E-21
3.86192533691402  2.007296E-19
3.86209130221193  6.011103E-21
3.86225726750984  6.887918E-20
3.86242323280776  -3.809075E-19
3.86258919810567  -1.721613E-19
3.86275516340358  9.190577E-20
3.86292112870149  3.358761E-19
3.86308709399941  8.345558E-20
3.86325305929732  -4.637334E-20
3.86341902459523  -8.565601E-20
3.86358498989315  -7.461365E-20
3.86375095519106  -2.548273E-19
3.86391692048897  -1.091167E-19
3.86408288578688  1.929803E-20
3.8642488510848  1.403354E-19
3.86441481638271  -1.949283E-21
3.86458078168062  7.060934E-21
3.86474674697854  2.759326E-19
3.86491271227645  1.391978E-19
3.86507867757436  8.905299E-20
3.86524464287228  3.050094E-20
3.86541060817019  -9.153354E-20
3.8655765734681  -9.088175E-20
3.86574253876601  -4.927554E-20
3.86590850406393  -1.985078E-19
3.86607446936184  7.436028E-20
3.86624043465975  2.305356E-19
3.86640639995767  -1.442747E-19
3.86657236525558  1.846725E-19
3.86673833055349  6.011269E-20
3.86690429585141  2.012261E-18
3.86707026114932  2.136503E-18
3.86723622644723  -1.190979E-19
3.86740219174515  -2.349520E-19
3.86756815704306  6.416889E-19
3.86773412234097  3.657464E-19
3.86790008763888  2.217859E-18
3.8680660529368  2.387679E-18
3.86823201823471  1.338394E-18
3.86839798353262  8.670302E-19
3.86856394883054  4.283783E-19
3.86872991412845  7.640079E-19
3.86889587942636  -7.585819E-20
3.86906184472427  -2.280476E-19
3.86922781002219  5.419949E-19
3.8693937753201  1.436925E-19
3.86955974061801  4.122514E-19
3.86972570591593  -6.472834E-21
3.86989167121384  1.124461E-19
3.87005763651175  2.356924E-19
3.87022360180967  -7.564642E-20
3.87038956710758  3.490883E-20
3.87055553240549  1.237423E-18
3.8707214977034  5.626399E-19
3.87088746300132  4.453849E-18
3.87105342829923  1.510802E-18
3.87121939359714  3.085111E-18
3.87138535889506  9.288439E-19
3.87155132419297  4.504486E-19
3.87171728949088  1.585788E-18
3.8718832547888  1.784752E-18
3.87204922008671  1.627283E-20
3.87221518538462  1.392702E-19
3.87238115068253  1.907951E-19
3.87254711598045  1.511200E-18
3.87271308127836  4.310781E-19
3.87287904657627  2.265786E-19
3.87304501187419  5.928412E-19
3.8732109771721  4.353335E-18
3.87337694247001  6.550285E-19
3.87354290776793  6.657798E-19
3.87370887306584  1.480991E-18
3.87387483836375  6.934010E-20
3.87404080366166  1.258238E-19
3.87420676895958  -2.900592E-19
3.87437273425749  1.471171E-19
3.8745386995554  1.724553E-19
3.87470466485332  2.189438E-18
3.87487063015123  7.592615E-18
3.87503659544914  4.849111E-18
3.87520256074706  1.555108E-18
3.87536852604497  1.587924E-19
3.87553449134288  -8.278275E-20
3.87570045664079  3.244963E-19
3.87586642193871  4.249356E-18
3.87603238723662  1.896112E-18
3.87619835253453  3.500070E-18
3.87636431783245  2.163100E-18
3.87653028313036  1.573306E-18
3.87669624842827  1.354492E-19
3.87686221372619  1.035314E-18
3.8770281790241  5.521210E-18
3.87719414432201  2.087701E-18
3.87736010961993  1.262476E-18
3.87752607491784  1.943765E-18
3.87769204021575  5.166006E-19
3.87785800551366  2.465982E-19
3.87802397081158  -4.352495E-20
3.87818993610949  1.607828E-19
3.8783559014074  1.421127E-18
3.87852186670532  5.056943E-18
3.87868783200323  2.441823E-19
3.87885379730114  2.261527E-19
3.87901976259906  4.633127E-19
3.87918572789697  1.897151E-18
3.87935169319488  5.117814E-18
3.87951765849279  8.418649E-20
3.87968362379071  3.902952E-19
3.87984958908862  6.922396E-18
3.88001555438653  2.124244E-18
3.88018151968445  1.079215E-17
3.88034748498236  4.828191E-18
3.88051345028027  5.181217E-18
3.88067941557818  3.534955E-18
3.8808453808761  1.123640E-17
3.88101134617401  1.284614E-18
3.88117731147192  -2.873839E-19
3.88134327676984  7.849130E-19
3.88150924206775  2.860664E-18
3.88167520736566  2.440224E-18
3.88184117266358  7.175293E-19
3.88200713796149  -9.180360E-20
3.8821731032594  2.127025E-18
3.88233906855731  5.368171E-18
3.88250503385523  2.627675E-18
3.88267099915314  6.111910E-19
3.88283696445105  1.030654E-18
3.88300292974897  3.182886E-18
3.88316889504688  3.770128E-19
3.88333486034479  2.442294E-18
3.88350082564271  2.495126E-18
3.88366679094062  5.303342E-19
3.88383275623853  3.781052E-19
3.88399872153644  1.161585E-18
3.88416468683436  1.119840E-19
3.88433065213227  7.418105E-19
3.88449661743018  2.546333E-18
3.8846625827281  2.487837E-20
3.88482854802601  4.536652E-20
3.88499451332392  2.130273E-18
3.88516047862184  1.751851E-19
3.88532644391975  6.106801E-21
3.88549240921766  8.857518E-19
3.88565837451557  6.173153E-20
3.88582433981349  1.568381E-19
3.8859903051114  6.651686E-18
3.88615627040931  3.938795E-18
3.88632223570723  3.672807E-19
3.88648820100514  -8.740716E-20
3.88665416630305  -4.916597E-20
3.88682013160097  -4.299315E-20
3.88698609689888  -1.689119E-19
3.88715206219679  1.302035E-19
3.88731802749471  2.494021E-19
3.88748399279262  7.216667E-19
3.88764995809053  3.534129E-18
3.88781592338844  6.561633E-18
3.88798188868636  1.085554E-17
3.88814785398427  7.263975E-18
3.88831381928218  1.280538E-18
3.8884797845801  6.824636E-19
3.88864574987801  5.514402E-18
3.88881171517592  6.308552E-18
3.88897768047383  3.282799E-19
3.88914364577175  3.800754E-19
3.88930961106966  3.325176E-18
3.88947557636757  5.506811E-19
3.88964154166549  2.328848E-19
3.8898075069634  8.715537E-20
3.88997347226131  -3.545002E-19
3.89013943755923  1.818563E-19
3.89030540285714  3.341886E-18
3.89047136815505  4.227666E-18
3.89063733345297  8.182629E-19
3.89080329875088  2.521266E-19
3.89096926404879  1.294783E-18
3.8911352293467  1.360351E-18
3.89130119464462  8.866782E-18
3.89146715994253  7.387210E-18
3.89163312524044  1.377669E-17
3.89179909053836  1.287936E-17
3.89196505583627  7.475762E-19
3.89213102113418  3.241456E-18
3.8922969864321  4.957706E-18
3.89246295173001  2.014193E-18
3.89262891702792  1.816361E-18
3.89279488232583  1.044010E-18
3.89296084762375  3.029586E-18
3.89312681292166  2.204806E-18
3.89329277821957  2.521598E-19
3.89345874351749  5.789210E-20
3.8936247088154  1.129888E-18
3.89379067411331  1.661341E-18
3.89395663941122  2.324770E-18
3.89412260470914  1.277965E-18
3.89428857000705  2.187313E-19
3.89445453530496  1.402038E-19
3.89462050060288  6.602955E-19
3.89478646590079  1.468321E-18
3.8949524311987  9.357996E-19
3.89511839649662  1.054934E-19
3.89528436179453  -2.400923E-20
3.89545032709244  -1.570148E-19
3.89561629239035  -7.488631E-20
3.89578225768827  2.918076E-19
3.89594822298618  -1.510199E-19
3.89611418828409  2.295548E-18
3.89628015358201  1.845367E-18
3.89644611887992  1.090461E-18
3.89661208417783  4.504418E-18
3.89677804947575  2.091974E-18
3.89694401477366  4.536804E-19
3.89710998007157  2.448446E-18
3.89727594536948  4.151937E-18
3.8974419106674  3.539840E-18
3.89760787596531  6.187821E-19
3.89777384126322  -1.182616E-19
3.89793980656114  2.403353E-19
3.89810577185905  1.121939E-18
3.89827173715696  6.075927E-19
3.89843770245488  -8.252948E-20
3.89860366775279  -3.275023E-20
3.8987696330507  -5.348911E-21
3.89893559834862  8.147259E-19
3.89910156364653  2.961582E-19
3.89926752894444  1.547587E-18
3.89943349424235  -1.019412E-19
3.89959945954027  2.911139E-19
3.89976542483818  9.164399E-20
3.89993139013609  4.231587E-19
3.90009735543401  6.394412E-18
3.90026332073192  4.469048E-18
3.90042928602983  1.019929E-19
3.90059525132774  3.617622E-19
3.90076121662566  4.760792E-20
3.90092718192357  -5.264298E-20
3.90109314722148  -1.334257E-20
3.9012591125194  8.385548E-19
3.90142507781731  1.625374E-19
3.90159104311522  4.382531E-20
3.90175700841314  5.986985E-20
3.90192297371105  9.445771E-19
3.90208893900896  6.145422E-18
3.90225490430688  3.036530E-18
3.90242086960479  1.621849E-18
3.9025868349027  4.485661E-18
3.90275280020061  1.861533E-18
3.90291876549853  1.004852E-18
3.90308473079644  4.924029E-18
3.90325069609435  1.327989E-18
3.90341666139227  1.623164E-18
3.90358262669018  4.154351E-19
3.90374859198809  5.407121E-18
3.903914557286  5.100576E-19
3.90408052258392  -4.679654E-20
3.90424648788183  3.308792E-20
3.90441245317974  -6.668322E-20
3.90457841847766  8.934824E-20
3.90474438377557  9.226239E-20
3.90491034907348  5.858768E-20
3.9050763143714  4.153887E-19
3.90524227966931  1.162986E-18
3.90540824496722  5.335508E-19
3.90557421026513  1.606209E-18
3.90574017556305  2.154386E-18
3.90590614086096  1.084555E-18
3.90607210615887  9.376562E-19
3.90623807145679  4.344602E-19
3.9064040367547  -7.921904E-20
3.90657000205261  2.057017E-19
3.90673596735053  1.446909E-19
3.90690193264844  8.265965E-19
3.90706789794635  -9.981746E-20
3.90723386324427  2.395501E-19
3.90739982854218  1.022166E-18
3.90756579384009  7.507703E-20
3.907731759138  2.691658E-19
3.90789772443592  2.246228E-18
3.90806368973383  1.741301E-18
3.90822965503174  6.898786E-19
3.90839562032966  -8.963149E-20
3.90856158562757  -8.829739E-20
3.90872755092548  1.047443E-18
3.90889351622339  1.071552E-18
3.90905948152131  6.387418E-19
3.90922544681922  1.629654E-19
3.90939141211713  5.158344E-20
3.90955737741505  2.300365E-20
3.90972334271296  2.555988E-19
3.90988930801087  4.286678E-19
3.91005527330879  5.004369E-19
3.9102212386067  2.163722E-18
3.91038720390461  5.459948E-19
3.91055316920253  1.154014E-20
3.91071913450044  8.208012E-20
3.91088509979835  -1.345353E-19
3.91105106509626  4.559003E-19
3.91121703039418  1.866050E-18
3.91138299569209  4.467343E-19
3.91154896099  5.322592E-19
3.91171492628792  2.563234E-19
3.91188089158583  -2.233776E-20
3.91204685688374  5.028456E-20
3.91221282218165  -2.439801E-19
3.91237878747957  2.956306E-20
3.91254475277748  -4.170480E-20
3.91271071807539  1.743660E-19
3.91287668337331  1.840966E-19
3.91304264867122  1.898478E-19
3.91320861396913  5.970016E-20
3.91337457926705  1.217168E-19
3.91354054456496  1.017834E-21
3.91370650986287  -1.503156E-19
3.91387247516079  -1.236774E-19
3.9140384404587  1.208615E-19
3.91420440575661  4.838882E-20
3.91437037105452  1.977763E-19
3.91453633635244  -1.720961E-19
3.91470230165035  1.385117E-19
3.91486826694826  6.559955E-19
3.91503423224618  5.724491E-20
3.91520019754409  1.957300E-20
3.915366162842  6.481928E-19
3.91553212813991  3.536106E-20
3.91569809343783  2.802971E-20
3.91586405873574  7.343299E-19
3.91603002403365  4.950887E-20
3.91619598933157  1.018403E-18
3.91636195462948  1.428678E-19
3.91652791992739  1.997366E-18
3.91669388522531  1.059438E-18
3.91685985052322  2.158123E-18
3.91702581582113  3.407556E-19
3.91719178111904  3.419860E-20
3.91735774641696  2.095567E-19
3.91752371171487  9.172587E-19
3.91768967701278  4.568471E-19
3.9178556423107  1.414250E-19
3.91802160760861  3.631612E-19
3.91818757290652  -2.426319E-19
3.91835353820444  1.754545E-19
3.91851950350235  -1.835946E-19
3.91868546880026  7.144234E-20
3.91885143409818  5.564161E-20
3.91901739939609  -1.866232E-19
3.919183364694  3.637005E-19
3.91934932999191  8.191109E-20
3.91951529528983  1.647360E-18
3.91968126058774  -1.316839E-19
3.91984722588565  1.192675E-19
3.92001319118357  -3.220540E-20
3.92017915648148  4.295020E-20
3.92034512177939  6.115372E-19
3.9205110870773  -1.307373E-19
3.92067705237522  3.155829E-18
3.92084301767313  2.997639E-18
3.92100898297104  5.163774E-19
3.92117494826896  2.044870E-18
3.92134091356687  5.863504E-20
3.92150687886478  1.035122E-19
3.9216728441627  -9.801395E-20
3.92183880946061  4.134096E-19
3.92200477475852  -1.677785E-20
3.92217074005643  -4.245533E-21
3.92233670535435  1.043656E-19
3.92250267065226  1.647940E-19
3.92266863595017  6.040130E-20
3.92283460124809  -6.562055E-20
3.923000566546  -1.366200E-19
3.92316653184391  4.916827E-19
3.92333249714183  1.253590E-18
3.92349846243974  4.343206E-20
3.92366442773765  -1.894270E-19
3.92383039303556  1.231287E-19
3.92399635833348  -7.537422E-20
3.92416232363139  -4.384826E-20
3.9243282889293  4.009067E-19
3.92449425422722  6.319922E-20
3.92466021952513  1.435637E-19
3.92482618482304  5.971082E-19
3.92499215012096  -2.463129E-19
3.92515811541887  -1.267098E-19
3.92532408071678  -6.952675E-20
3.9254900460147  -9.274591E-20
3.92565601131261  1.322748E-19
3.92582197661052  1.935743E-19
3.92598794190843  1.253499E-19
3.92615390720635  1.980806E-19
3.92631987250426  1.848433E-19
3.92648583780217  1.385147E-18
3.92665180310009  1.113982E-19
3.926817768398  1.395222E-19
3.92698373369591  3.715474E-19
3.92714969899382  2.388081E-19
3.92731566429174  4.401389E-19
3.92748162958965  8.672645E-21
3.92764759488756  1.743202E-19
3.92781356018548  4.335784E-19
3.92797952548339  -6.689006E-20
3.9281454907813  -4.946110E-20
3.92831145607922  -6.083672E-20
3.92847742137713  2.190388E-19
3.92864338667504  3.710144E-20
3.92880935197295  1.954201E-20
3.92897531727087  -1.844233E-19
3.92914128256878  -1.060959E-19
3.92930724786669  8.021839E-20
3.92947321316461  1.473684E-20
3.92963917846252  -5.022722E-19
3.92980514376043  -2.616347E-19
3.92997110905835  6.144086E-20
3.93013707435626  -3.924673E-20
3.93030303965417  2.061745E-19
3.93046900495209  -7.538801E-20
3.93063497025  -3.536811E-20
3.93080093554791  1.992262E-19
3.93096690084582  -4.036088E-20
3.93113286614374  -9.938670E-20
3.93129883144165  9.884144E-20
3.93146479673956  4.484916E-20
3.93163076203748  3.856667E-20
3.93179672733539  1.463730E-19
3.9319626926333  -2.297849E-20
3.93212865793121  -3.006722E-20
3.93229462322913  -1.057623E-20
3.93246058852704  7.809192E-20
3.93262655382495  -2.853159E-21
3.93279251912287  4.187567E-20
3.93295848442078  -2.104720E-20
3.93312444971869  -1.301918E-19
3.93329041501661  1.696909E-19
3.93345638031452  -4.193021E-20
3.93362234561243  8.407050E-20
3.93378831091034  -6.629180E-20
3.93395427620826  -4.521382E-20
3.93412024150617  -1.682450E-19
3.93428620680408  7.375749E-20
3.934452172102  -1.127637E-19
3.93461813739991  -5.894762E-20
3.93478410269782  -1.862834E-19
3.93495006799574  1.190245E-19
3.93511603329365  1.017191E-19
3.93528199859156  4.996238E-20
3.93544796388947  6.155680E-20
3.93561392918739  -1.842692E-20
3.9357798944853  1.812082E-19
3.93594585978321  -5.088165E-19
3.93611182508113  2.423167E-19
3.93627779037904  -6.218328E-21
3.93644375567695  9.531207E-20
3.93660972097487  7.445498E-21
3.93677568627278  -2.742399E-20
3.93694165157069  -9.091277E-20
3.9371076168686  3.073834E-19
3.93727358216652  4.185253E-19
3.93743954746443  1.316589E-19
3.93760551276234  4.687858E-20
3.93777147806026  7.641602E-20
3.93793744335817  1.486582E-19
3.93810340865608  -1.067773E-19
3.938269373954  -1.563499E-19
3.93843533925191  1.826826E-19
3.93860130454982  2.009105E-19
3.93876726984774  1.713576E-19
3.93893323514565  -4.072188E-20
3.93909920044356  -2.817595E-21
3.93926516574147  6.291405E-20
3.93943113103939  -1.666534E-19
3.9395970963373  2.265964E-20
3.93976306163521  -4.823618E-20
3.93992902693313  3.461079E-20
3.94009499223104  8.906338E-20
3.94026095752895  -6.171056E-20
3.94042692282686  1.078331E-19
3.94059288812478  1.927484E-20
3.94075885342269  -5.425988E-20
3.9409248187206  6.101203E-20
3.94109078401852  -1.123327E-21
3.94125674931643  -2.582991E-20
3.94142271461434  -1.460515E-19
3.94158867991226  -1.135420E-19
3.94175464521017  9.044327E-20
3.94192061050808  1.019308E-19
3.94208657580599  4.935987E-19
3.94225254110391  3.281046E-18
3.94241850640182  8.516209E-18
3.94258447169973  6.890170E-18
3.94275043699765  5.580195E-19
3.94291640229556  7.367687E-18
3.94308236759347  6.584466E-19
3.94324833289139  4.827742E-20
3.9434142981893  3.973288E-18
3.94358026348721  1.037912E-17
3.94374622878513  5.359784E-18
3.94391219408304  6.682570E-18
3.94407815938095  9.131911E-18
3.94424412467886  1.111073E-17
3.94441008997678  2.142950E-17
3.94457605527469  7.579027E-18
3.9447420205726  2.026109E-17
3.94490798587052  2.475509E-17
3.94507395116843  3.604518E-17
3.94523991646634  1.368224E-17
3.94540588176425  1.782933E-17
3.94557184706217  3.977466E-17
3.94573781236008  4.108562E-17
3.94590377765799  4.686439E-17
3.94606974295591  3.604531E-17
3.94623570825382  3.219536E-17
3.94640167355173  3.620711E-17
3.94656763884965  1.431498E-17
3.94673360414756  9.789221E-18
3.94689956944547  4.302296E-17
3.94706553474338  3.815051E-17
3.9472315000413  3.533909E-17
3.94739746533921  1.756526E-17
3.94756343063712  4.199139E-17
3.94772939593504  4.612757E-17
3.94789536123295  5.347520E-17
3.94806132653086  5.609584E-17
3.94822729182878  5.549724E-17
3.94839325712669  5.572552E-17
3.9485592224246  5.443814E-17
3.94872518772251  5.273564E-17
3.94889115302043  5.021645E-17
3.94905711831834  4.722886E-17
3.94922308361625  4.382795E-17
3.94938904891417  4.087546E-17
3.94955501421208  3.789591E-17
3.94972097950999  3.368649E-17
3.94988694480791  3.440181E-17
3.95005291010582  3.226109E-17
3.95021887540373  3.539549E-17
3.95038484070165  3.429957E-17
3.95055080599956  3.235116E-17
3.95071677129747  3.302547E-17
3.95088273659538  3.174265E-17
3.9510487018933  2.866235E-17
3.95121466719121  2.994642E-17
3.95138063248912  3.163043E-17
3.95154659778704  3.240997E-17
3.95171256308495  3.117938E-17
3.95187852838286  3.111371E-17
3.95204449368077  3.016321E-17
3.95221045897869  3.093040E-17
3.9523764242766  3.103000E-17
3.95254238957451  2.923839E-17
3.95270835487243  2.996427E-17
3.95287432017034  2.728011E-17
3.95304028546825  2.439735E-17
3.95320625076617  2.597414E-17
3.95337221606408  3.030361E-17
3.95353818136199  3.166018E-17
3.95370414665991  2.766783E-17
3.95387011195782  1.572034E-17
3.95403607725573  1.776934E-17
3.95420204255364  1.801999E-17
3.95436800785156  2.615964E-17
3.95453397314947  2.157857E-17
3.95469993844738  2.039740E-17
3.9548659037453  3.091148E-17
3.95503186904321  2.941351E-17
3.95519783434112  2.687281E-17
3.95536379963903  3.107784E-17
3.95552976493695  3.063678E-17
3.95569573023486  3.147976E-17
3.95586169553277  3.141225E-17
3.95602766083069  3.238945E-17
3.9561936261286  3.076026E-17
3.95635959142651  3.019035E-17
3.95652555672443  3.071494E-17
3.95669152202234  3.033465E-17
3.95685748732025  2.967121E-17
3.95702345261816  3.027859E-17
3.95718941791608  2.824928E-17
3.95735538321399  2.817789E-17
3.9575213485119  2.822559E-17
3.95768731380982  2.633796E-17
3.95785327910773  2.587410E-17
3.95801924440564  2.098438E-17
3.95818520970356  2.098595E-17
3.95835117500147  2.379086E-17
3.95851714029938  2.273612E-17
3.9586831055973  2.277870E-17
3.95884907089521  2.238358E-17
3.95901503619312  2.035139E-17
3.95918100149103  2.131835E-17
3.95934696678895  1.920236E-17
3.95951293208686  2.028145E-17
3.95967889738477  2.040454E-17
3.95984486268269  1.801451E-17
3.9600108279806  1.867632E-17
3.96017679327851  1.906372E-17
3.96034275857642  1.915059E-17
3.96050872387434  1.809784E-17
3.96067468917225  1.797737E-17
3.96084065447016  1.641335E-17
3.96100661976808  1.823358E-17
3.96117258506599  1.868525E-17
3.9613385503639  1.893982E-17
3.96150451566182  1.785239E-17
3.96167048095973  1.686548E-17
3.96183644625764  1.811033E-17
3.96200241155556  1.791300E-17
3.96216837685347  1.851796E-17
3.96233434215138  1.786901E-17
3.96250030744929  1.781728E-17
3.96266627274721  1.689992E-17
3.96283223804512  1.752667E-17
3.96299820334303  1.720995E-17
3.96316416864095  1.744275E-17
3.96333013393886  1.757526E-17
3.96349609923677  1.768716E-17
3.96366206453468  1.753416E-17
3.9638280298326  1.824943E-17
3.96399399513051  1.447726E-17
3.96415996042842  1.325781E-17
3.96432592572634  1.756793E-17
3.96449189102425  1.708005E-17
3.96465785632216  1.588989E-17
3.96482382162008  1.420842E-17
3.96498978691799  1.718977E-17
3.9651557522159  1.773854E-17
3.96532171751382  1.674857E-17
3.96548768281173  1.678439E-17
3.96565364810964  1.593540E-17
3.96581961340755  1.658573E-17
3.96598557870547  1.609606E-17
3.96615154400338  1.609937E-17
3.96631750930129  1.600483E-17
3.96648347459921  1.591428E-17
3.96664943989712  1.494851E-17
3.96681540519503  1.575019E-17
3.96698137049294  1.599761E-17
3.96714733579086  1.494630E-17
3.96731330108877  1.485999E-17
3.96747926638668  1.393220E-17
3.9676452316846  1.456464E-17
3.96781119698251  1.404396E-17
3.96797716228042  1.458256E-17
3.96814312757834  1.374814E-17
3.96830909287625  1.277516E-17
3.96847505817416  1.320281E-17
3.96864102347207  1.366205E-17
3.96880698876999  1.279772E-17
3.9689729540679  1.184432E-17
3.96913891936581  1.415313E-17
3.96930488466373  1.197151E-17
3.96947084996164  1.260097E-17
3.96963681525955  7.703426E-18
3.96980278055747  1.008340E-17
3.96996874585538  1.182412E-17
3.97013471115329  1.120547E-17
3.97030067645121  1.252197E-17
3.97046664174912  1.289890E-17
3.97063260704703  1.205762E-17
3.97079857234494  1.528185E-17
3.97096453764286  1.326290E-17
3.97113050294077  1.296533E-17
3.97129646823868  1.280602E-17
3.9714624335366  1.385596E-17
3.97162839883451  1.007043E-17
3.97179436413242  6.779605E-18
3.97196032943033  1.202220E-17
3.97212629472825  1.322335E-17
3.97229226002616  1.245321E-17
3.97245822532407  1.371835E-17
3.97262419062199  1.295108E-17
3.9727901559199  1.060338E-17
3.97295612121781  1.051474E-17
3.97312208651573  1.249061E-17
3.97328805181364  1.252898E-17
3.97345401711155  1.280636E-17
3.97361998240947  1.268489E-17
3.97378594770738  1.368948E-17
3.97395191300529  1.150587E-17
3.9741178783032  1.244655E-17
3.97428384360112  1.441659E-17
3.97444980889903  8.010937E-18
3.97461577419694  1.200599E-17
3.97478173949486  1.283575E-17
3.97494770479277  8.868542E-18
3.97511367009068  1.175108E-17
3.97527963538859  1.372673E-17
3.97544560068651  1.348925E-17
3.97561156598442  1.277224E-17
3.97577753128233  1.127271E-17
3.97594349658025  1.188327E-17
3.97610946187816  1.604526E-17
3.97627542717607  1.387383E-17
3.97644139247399  1.346872E-17
3.9766073577719  1.487534E-17
3.97677332306981  1.386864E-17
3.97693928836773  1.319949E-17
3.97710525366564  1.483433E-17
3.97727121896355  1.561895E-17
3.97743718426146  1.410953E-17
3.97760314955938  1.376825E-17
3.97776911485729  1.297102E-17
3.9779350801552  1.558370E-17
3.97810104545312  1.612766E-17
3.97826701075103  1.554807E-17
3.97843297604894  1.512889E-17
3.97859894134685  1.452853E-17
3.97876490664477  1.405529E-17
3.97893087194268  1.515468E-17
3.97909683724059  1.601951E-17
3.97926280253851  1.604507E-17
3.97942876783642  1.419023E-17
3.97959473313433  1.515829E-17
3.97976069843225  1.363870E-17
3.97992666373016  1.488220E-17
3.98009262902807  1.395154E-17
3.98025859432598  1.344036E-17
3.9804245596239  1.388251E-17
3.98059052492181  1.288016E-17
3.98075649021972  1.198826E-17
3.98092245551764  1.295788E-17
3.98108842081555  1.552899E-17
3.98125438611346  1.449504E-17
3.98142035141138  1.255268E-17
3.98158631670929  1.412925E-17
3.9817522820072  1.236751E-17
3.98191824730512  1.194065E-17
3.98208421260303  1.313030E-17
3.98225017790094  1.204029E-17
3.98241614319885  1.396918E-17
3.98258210849677  1.165268E-17
3.98274807379468  1.261990E-17
3.98291403909259  1.235679E-17
3.98308000439051  1.270323E-17
3.98324596968842  1.153184E-17
3.98341193498633  1.130135E-17
3.98357790028424  1.266657E-17
3.98374386558216  1.287519E-17
3.98390983088007  1.170398E-17
3.98407579617798  1.238734E-17
3.9842417614759  1.227295E-17
3.98440772677381  1.119140E-17
3.98457369207172  1.264960E-17
3.98473965736964  1.221699E-17
3.98490562266755  1.161529E-17
3.98507158796546  1.075923E-17
3.98523755326337  1.201233E-17
3.98540351856129  1.137605E-17
3.9855694838592  1.213762E-17
3.98573544915711  1.205785E-17
3.98590141445503  1.154123E-17
3.98606737975294  1.225375E-17
3.98623334505085  1.302571E-17
3.98639931034877  1.234039E-17
3.98656527564668  1.235131E-17
3.98673124094459  1.313251E-17
3.9868972062425  1.246368E-17
3.98706317154042  1.308966E-17
3.98722913683833  1.219066E-17
3.98739510213624  1.262101E-17
3.98756106743416  1.290849E-17
3.98772703273207  1.377187E-17
3.98789299802998  1.166944E-17
3.9880589633279  1.363377E-17
3.98822492862581  1.281928E-17
3.98839089392372  1.231326E-17
3.98855685922163  1.341356E-17
3.98872282451955  1.306307E-17
3.98888878981746  1.239412E-17
3.98905475511537  1.270954E-17
3.98922072041329  1.335224E-17
3.9893866857112  1.216955E-17
3.98955265100911  1.284496E-17
3.98971861630703  1.209313E-17
3.98988458160494  1.260420E-17
3.99005054690285  1.274444E-17
3.99021651220077  1.169889E-17
3.99038247749868  1.147821E-17
3.99054844279659  1.283272E-17
3.9907144080945  1.240688E-17
3.99088037339242  1.018883E-17
3.99104633869033  1.246331E-17
3.99121230398824  1.169347E-17
3.99137826928616  1.142029E-17
3.99154423458407  9.860784E-18
3.99171019988198  1.098811E-17
3.99187616517989  1.193861E-17
3.99204213047781  1.109494E-17
3.99220809577572  9.348287E-18
3.99237406107363  1.037944E-17
3.99254002637155  8.700155E-18
3.99270599166946  8.294443E-18
3.99287195696737  1.101356E-17
3.99303792226529  1.143632E-17
3.9932038875632  1.217252E-17
3.99336985286111  1.147602E-17
3.99353581815903  9.920749E-18
3.99370178345694  1.101042E-17
3.99386774875485  1.137685E-17
3.99403371405276  1.200378E-17
3.99419967935068  1.137362E-17
3.99436564464859  1.011082E-17
3.9945316099465  1.164150E-17
3.99469757524442  1.165103E-17
3.99486354054233  1.193906E-17
3.99502950584024  1.204239E-17
3.99519547113815  1.225241E-17
3.99536143643607  1.193353E-17
3.99552740173398  1.098781E-17
3.99569336703189  1.109444E-17
3.99585933232981  1.110730E-17
3.99602529762772  1.213471E-17
3.99619126292563  1.164114E-17
3.99635722822355  1.071347E-17
3.99652319352146  1.239120E-17
3.99668915881937  1.166876E-17
3.99685512411728  1.262722E-17
3.9970210894152  1.168825E-17
3.99718705471311  9.932568E-18
3.99735302001102  1.174592E-17
3.99751898530894  9.841170E-18
3.99768495060685  9.515246E-18
3.99785091590476  1.129156E-17
3.99801688120268  1.215667E-17
3.99818284650059  1.020753E-17
3.9983488117985  1.113248E-17
3.99851477709641  1.067875E-17
3.99868074239433  1.181581E-17
3.99884670769224  1.143289E-17
3.99901267299015  1.054908E-17
3.99917863828807  1.100639E-17
3.99934460358598  1.074394E-17
3.99951056888389  1.175239E-17
3.99967653418181  1.078237E-17
3.99984249947972  1.171974E-17
4.00000846477763  1.044253E-17
4.00017443007555  1.088753E-17
4.00034039537346  1.194576E-17
4.00050636067137  1.098102E-17
4.00067232596928  1.026216E-17
4.0008382912672  1.121024E-17
4.00100425656511  1.206328E-17
4.00117022186302  1.159713E-17
4.00133618716094  1.029765E-17
4.00150215245885  1.183447E-17
4.00166811775676  1.177710E-17
4.00183408305468  1.147660E-17
4.00200004835259  1.171057E-17
4.0021660136505  1.160572E-17
4.00233197894841  1.177213E-17
4.00249794424633  1.191545E-17
4.00266390954424  1.103495E-17
4.00282987484215  1.235248E-17
4.00299584014007  1.398670E-17
4.00316180543798  1.207290E-17
4.00332777073589  1.201775E-17
4.00349373603381  1.144431E-17
4.00365970133172  9.353342E-18
4.00382566662963  8.981524E-18
4.00399163192754  1.239171E-17
4.00415759722546  1.328964E-17
4.00432356252337  1.241158E-17
4.00448952782128  1.224133E-17
4.0046554931192  1.386682E-17
4.00482145841711  1.410755E-17
4.00498742371502  1.304171E-17
4.00515338901294  1.130131E-17
4.00531935431085  1.400519E-17
4.00548531960876  1.296541E-17
4.00565128490667  1.236106E-17
4.00581725020459  1.357204E-17
4.0059832155025  1.466406E-17
4.00614918080041  1.318022E-17
4.00631514609833  1.415946E-17
4.00648111139624  1.416380E-17
4.00664707669415  1.264419E-17
4.00681304199206  1.339001E-17
4.00697900728998  1.360278E-17
4.00714497258789  1.510124E-17
4.0073109378858  1.578979E-17
4.00747690318372  1.804446E-17
4.00764286848163  1.408600E-17
4.00780883377954  1.452666E-17
4.00797479907746  1.389084E-17
4.00814076437537  1.333749E-17
4.00830672967328  1.516516E-17
4.00847269497119  1.612112E-17
4.00863866026911  1.241427E-17
4.00880462556702  1.288843E-17
4.00897059086493  1.669399E-17
4.00913655616285  1.497552E-17
4.00930252146076  1.553277E-17
4.00946848675867  1.525873E-17
4.00963445205659  1.598652E-17
4.0098004173545  1.374237E-17
4.00996638265241  1.492511E-17
4.01013234795032  1.612701E-17
4.01029831324824  1.423806E-17
4.01046427854615  1.566860E-17
4.01063024384406  1.431228E-17
4.01079620914198  1.278375E-17
4.01096217443989  1.499306E-17
4.0111281397378  1.597716E-17
4.01129410503572  1.453658E-17
4.01146007033363  1.266638E-17
4.01162603563154  9.856651E-18
4.01179200092945  1.044026E-17
4.01195796622737  1.400048E-17
4.01212393152528  1.409386E-17
4.01228989682319  1.094716E-17
4.01245586212111  9.110595E-18
4.01262182741902  9.390491E-18
4.01278779271693  9.395600E-18
4.01295375801485  5.457432E-18
4.01311972331276  8.624219E-18
4.01328568861067  9.925730E-18
4.01345165390859  1.301557E-17
4.0136176192065  1.163451E-17
4.01378358450441  7.357856E-18
4.01394954980232  1.417830E-17
4.01411551510024  1.215297E-17
4.01428148039815  1.098012E-17
4.01444744569606  1.170130E-17
4.01461341099398  1.013414E-17
4.01477937629189  5.331305E-18
4.0149453415898  1.260038E-17
4.01511130688771  1.010759E-17
4.01527727218563  8.266847E-18
4.01544323748354  1.119680E-17
4.01560920278145  6.848503E-18
4.01577516807937  1.664663E-17
4.01594113337728  1.620992E-17
4.01610709867519  4.333748E-18
4.01627306397311  1.035871E-17
4.01643902927102  1.202046E-17
4.01660499456893  8.157732E-18
4.01677095986685  8.496920E-18
4.01693692516476  6.646131E-18
4.01710289046267  7.934752E-18
4.01726885576058  9.289386E-18
4.0174348210585  8.085274E-18
4.01760078635641  2.804569E-18
4.01776675165432  5.939603E-18
4.01793271695224  1.431876E-17
4.01809868225015  3.481433E-18
4.01826464754806  1.416671E-17
4.01843061284598  7.361474E-18
4.01859657814389  1.187811E-17
4.0187625434418  1.172388E-17
4.01892850873971  1.359749E-17
4.01909447403763  9.549953E-18
4.01926043933554  4.876432E-18
4.01942640463345  5.973762E-18
4.01959236993137  8.468113E-18
4.01975833522928  2.298061E-18
4.01992430052719  4.245904E-18
4.02009026582511  8.797855E-18
4.02025623112302  5.806713E-18
4.02042219642093  8.117874E-18
4.02058816171884  7.473132E-18
4.02075412701676  1.131366E-17
4.02092009231467  1.199137E-17
4.02108605761258  1.954977E-17
4.0212520229105  1.030078E-17
4.02141798820841  -5.859745E-18
4.02158395350632  1.655103E-17
4.02174991880423  2.495429E-17
4.02191588410215  2.877606E-18
4.02208184940006  1.236715E-17
4.02224781469797  2.491377E-17
4.02241377999589  1.832031E-17
4.0225797452938  2.300260E-18
4.02274571059171  1.986963E-17
4.02291167588963  1.294703E-18
4.02307764118754  4.163332E-18
4.02324360648545  1.504167E-17
4.02340957178336  -1.655749E-18
4.02357553708128  3.225122E-18
4.02374150237919  -1.428881E-18
4.0239074676771  2.436061E-17
4.02407343297502  2.380795E-17
4.02423939827293  1.078725E-17
4.02440536357084  -1.213577E-18
4.02457132886876  -7.871360E-18
4.02473729416667  3.572419E-17
4.02490325946458  1.884513E-17
4.0250692247625  5.394596E-18
4.02523519006041  1.726952E-18
4.02540115535832  -6.363027E-18
4.02556712065623  7.511352E-18
4.02573308595415  2.594405E-17
4.02589905125206  1.652410E-17
4.02606501654997  1.198228E-17
4.02623098184789  1.335738E-17
4.0263969471458  -7.758455E-18
4.02656291244371  1.522029E-18
4.02672887774162  4.482787E-18
4.02689484303954  1.179694E-17
4.02706080833745  7.248834E-18
4.02722677363536  -1.022852E-17
4.02739273893328  3.057225E-17
4.02755870423119  8.712733E-18
4.0277246695291  -3.777494E-18
4.02789063482702  5.414457E-18
4.02805660012493  1.088772E-17
4.02822256542284  3.258534E-17
4.02838853072076  -7.121497E-18
4.02855449601867  1.557924E-18
4.02872046131658  2.276209E-17
4.02888642661449  1.562522E-17
4.02905239191241  -7.913869E-18
4.02921835721032  -4.572677E-18
4.02938432250823  4.517934E-17
4.02955028780615  5.610529E-18
4.02971625310406  2.810839E-17
4.02988221840197  2.036298E-17
4.03004818369988  -2.842736E-17
4.0302141489978  -1.404063E-17
4.03038011429571  -1.479323E-17
4.03054607959362  1.641796E-17
4.03071204489154  -5.927930E-18
4.03087801018945  2.918387E-17
4.03104397548736  1.417043E-17
4.03120994078528  3.657942E-17
4.03137590608319  2.118088E-17
4.0315418713811  3.147175E-19
4.03170783667902  1.161220E-17
4.03187380197693  3.444930E-17
4.03203976727484  5.211591E-17
4.03220573257275  3.467075E-17
4.03237169787067  3.211394E-17
4.03253766316858  6.517413E-18
4.03270362846649  7.027525E-18
4.03286959376441  -3.550867E-18
4.03303555906232  4.147948E-17
4.03320152436023  1.113089E-17
4.03336748965814  6.690545E-18
4.03353345495606  -8.079209E-18
4.03369942025397  1.735362E-17
4.03386538555188  9.108794E-18
4.0340313508498  5.084359E-17
4.03419731614771  2.913793E-17
4.03436328144562  5.416574E-18
4.03452924674354  8.248396E-17
4.03469521204145  1.283938E-17
4.03486117733936  2.496854E-17
4.03502714263727  -1.744195E-17
4.03519310793519  -4.930908E-17
4.0353590732331  5.143679E-18
4.03552503853101  -5.206228E-18
4.03569100382893  6.626118E-18
4.03585696912684  3.049943E-17
4.03602293442475  1.136774E-17
4.03618889972267  6.218734E-18
4.03635486502058  -3.136530E-17
4.03652083031849  -1.459026E-17
4.03668679561641  5.375786E-18
4.03685276091432  2.666912E-17
4.03701872621223  7.749590E-18
4.03718469151014  3.797459E-17
4.03735065680806  1.320500E-17
4.03751662210597  -1.401432E-17
4.03768258740388  -1.875293E-17
4.0378485527018  2.184149E-17
4.03801451799971  -6.457105E-17
4.03818048329762  -3.635087E-17
4.03834644859553  2.867225E-17
4.03851241389345  -2.473634E-17
4.03867837919136  -1.589161E-17
